# Temperatura_=_-0.05671447196870985
# Concentracion g/m^3_=_19900.0
# C_Vs_to_Am_M_A/Vsm_=_254322799225.57578
# pendiente_HvsI_1/m_=_3716.3
# ordenada_HvsI_A/m_=_1297.0
# frecuencia_Hz_=_135975.99850532823
# Promedio de 767 ciclos

Tiempo_(s)	Campo_(V.s)	Magnetizacion_(V.s)	Campo_(kA/m)	Magnetizacion_(A/m)
0.000000e+00	-3.494278e-09	-2.480287e-09	-1.985111e+01	-6.353450e+02
1.000000e-08	-3.494393e-09	-2.482930e-09	-1.985176e+01	-6.357278e+02
2.000000e-08	-3.494352e-09	-2.484576e-09	-1.985153e+01	-6.360831e+02
3.000000e-08	-3.494146e-09	-2.483920e-09	-1.985035e+01	-6.364108e+02
4.000000e-08	-3.493735e-09	-2.478655e-09	-1.984801e+01	-6.367103e+02
5.000000e-08	-3.493080e-09	-2.473015e-09	-1.984429e+01	-6.369811e+02
6.000000e-08	-3.492179e-09	-2.480356e-09	-1.983917e+01	-6.372224e+02
7.000000e-08	-3.491045e-09	-2.507487e-09	-1.983273e+01	-6.374332e+02
8.000000e-08	-3.489663e-09	-2.520132e-09	-1.982489e+01	-6.376126e+02
9.000000e-08	-3.487982e-09	-2.494679e-09	-1.981534e+01	-6.377597e+02
1.000000e-07	-3.485939e-09	-2.475690e-09	-1.980373e+01	-6.378738e+02
1.100000e-07	-3.483492e-09	-2.488542e-09	-1.978984e+01	-6.379542e+02
1.200000e-07	-3.480635e-09	-2.489821e-09	-1.977360e+01	-6.380006e+02
1.300000e-07	-3.477391e-09	-2.465610e-09	-1.975517e+01	-6.380129e+02
1.400000e-07	-3.473816e-09	-2.465410e-09	-1.973486e+01	-6.379913e+02
1.500000e-07	-3.469976e-09	-2.493864e-09	-1.971305e+01	-6.379362e+02
1.600000e-07	-3.465938e-09	-2.514817e-09	-1.969010e+01	-6.378484e+02
1.700000e-07	-3.461763e-09	-2.510611e-09	-1.966638e+01	-6.377288e+02
1.800000e-07	-3.457470e-09	-2.493328e-09	-1.964199e+01	-6.375786e+02
1.900000e-07	-3.453016e-09	-2.480405e-09	-1.961668e+01	-6.373990e+02
2.000000e-07	-3.448324e-09	-2.487406e-09	-1.959002e+01	-6.371912e+02
2.100000e-07	-3.443352e-09	-2.496248e-09	-1.956177e+01	-6.369565e+02
2.200000e-07	-3.438116e-09	-2.475858e-09	-1.953203e+01	-6.366959e+02
2.300000e-07	-3.432643e-09	-2.460186e-09	-1.950093e+01	-6.364105e+02
2.400000e-07	-3.426935e-09	-2.487209e-09	-1.946850e+01	-6.361010e+02
2.500000e-07	-3.420993e-09	-2.519550e-09	-1.943474e+01	-6.357679e+02
2.600000e-07	-3.414828e-09	-2.500623e-09	-1.939972e+01	-6.354114e+02
2.700000e-07	-3.408430e-09	-2.460174e-09	-1.936337e+01	-6.350316e+02
2.800000e-07	-3.401766e-09	-2.458092e-09	-1.932551e+01	-6.346284e+02
2.900000e-07	-3.394817e-09	-2.484526e-09	-1.928603e+01	-6.342014e+02
3.000000e-07	-3.387598e-09	-2.486737e-09	-1.924501e+01	-6.337500e+02
3.100000e-07	-3.380132e-09	-2.466743e-09	-1.920260e+01	-6.332736e+02
3.200000e-07	-3.372447e-09	-2.466456e-09	-1.915894e+01	-6.327717e+02
3.300000e-07	-3.364581e-09	-2.486010e-09	-1.911424e+01	-6.322435e+02
3.400000e-07	-3.356562e-09	-2.486379e-09	-1.906869e+01	-6.316883e+02
3.500000e-07	-3.348400e-09	-2.461274e-09	-1.902232e+01	-6.311056e+02
3.600000e-07	-3.340084e-09	-2.445500e-09	-1.897507e+01	-6.304949e+02
3.700000e-07	-3.331584e-09	-2.454210e-09	-1.892678e+01	-6.298556e+02
3.800000e-07	-3.322862e-09	-2.465750e-09	-1.887723e+01	-6.291874e+02
3.900000e-07	-3.313867e-09	-2.463779e-09	-1.882613e+01	-6.284900e+02
4.000000e-07	-3.304545e-09	-2.458283e-09	-1.877317e+01	-6.277633e+02
4.100000e-07	-3.294852e-09	-2.456951e-09	-1.871810e+01	-6.270069e+02
4.200000e-07	-3.284746e-09	-2.452670e-09	-1.866069e+01	-6.262209e+02
4.300000e-07	-3.274206e-09	-2.443485e-09	-1.860082e+01	-6.254050e+02
4.400000e-07	-3.263246e-09	-2.436743e-09	-1.853855e+01	-6.245593e+02
4.500000e-07	-3.251920e-09	-2.433847e-09	-1.847421e+01	-6.236838e+02
4.600000e-07	-3.240304e-09	-2.433955e-09	-1.840821e+01	-6.227785e+02
4.700000e-07	-3.228456e-09	-2.438320e-09	-1.834090e+01	-6.218434e+02
4.800000e-07	-3.216417e-09	-2.440832e-09	-1.827251e+01	-6.208788e+02
4.900000e-07	-3.204194e-09	-2.431870e-09	-1.820306e+01	-6.198848e+02
5.000000e-07	-3.191768e-09	-2.417956e-09	-1.813247e+01	-6.188618e+02
5.100000e-07	-3.179110e-09	-2.412687e-09	-1.806056e+01	-6.178100e+02
5.200000e-07	-3.166193e-09	-2.412494e-09	-1.798718e+01	-6.167299e+02
5.300000e-07	-3.153009e-09	-2.406647e-09	-1.791228e+01	-6.156222e+02
5.400000e-07	-3.139571e-09	-2.401523e-09	-1.783594e+01	-6.144872e+02
5.500000e-07	-3.125901e-09	-2.404966e-09	-1.775828e+01	-6.133255e+02
5.600000e-07	-3.112023e-09	-2.405705e-09	-1.767943e+01	-6.121379e+02
5.700000e-07	-3.097936e-09	-2.394780e-09	-1.759940e+01	-6.109247e+02
5.800000e-07	-3.083615e-09	-2.383826e-09	-1.751805e+01	-6.096864e+02
5.900000e-07	-3.069028e-09	-2.380532e-09	-1.743518e+01	-6.084234e+02
6.000000e-07	-3.054133e-09	-2.376455e-09	-1.735056e+01	-6.071360e+02
6.100000e-07	-3.038905e-09	-2.369439e-09	-1.726405e+01	-6.058243e+02
6.200000e-07	-3.023340e-09	-2.367355e-09	-1.717563e+01	-6.044882e+02
6.300000e-07	-3.007446e-09	-2.367374e-09	-1.708533e+01	-6.031276e+02
6.400000e-07	-2.991242e-09	-2.361264e-09	-1.699327e+01	-6.017422e+02
6.500000e-07	-2.974760e-09	-2.352403e-09	-1.689964e+01	-6.003316e+02
6.600000e-07	-2.958028e-09	-2.346156e-09	-1.680458e+01	-5.988953e+02
6.700000e-07	-2.941075e-09	-2.339669e-09	-1.670827e+01	-5.974330e+02
6.800000e-07	-2.923932e-09	-2.333116e-09	-1.661087e+01	-5.959440e+02
6.900000e-07	-2.906616e-09	-2.330422e-09	-1.651250e+01	-5.944279e+02
7.000000e-07	-2.889144e-09	-2.327635e-09	-1.641324e+01	-5.928842e+02
7.100000e-07	-2.871530e-09	-2.320095e-09	-1.631316e+01	-5.913127e+02
7.200000e-07	-2.853768e-09	-2.312267e-09	-1.621225e+01	-5.897129e+02
7.300000e-07	-2.835840e-09	-2.306843e-09	-1.611041e+01	-5.880846e+02
7.400000e-07	-2.817725e-09	-2.299195e-09	-1.600749e+01	-5.864278e+02
7.500000e-07	-2.799398e-09	-2.289773e-09	-1.590338e+01	-5.847423e+02
7.600000e-07	-2.780845e-09	-2.284304e-09	-1.579797e+01	-5.830279e+02
7.700000e-07	-2.762049e-09	-2.281465e-09	-1.569119e+01	-5.812846e+02
7.800000e-07	-2.743006e-09	-2.275765e-09	-1.558301e+01	-5.795122e+02
7.900000e-07	-2.723735e-09	-2.267819e-09	-1.547352e+01	-5.777106e+02
8.000000e-07	-2.704253e-09	-2.259548e-09	-1.536284e+01	-5.758797e+02
8.100000e-07	-2.684583e-09	-2.250333e-09	-1.525110e+01	-5.740191e+02
8.200000e-07	-2.664754e-09	-2.241459e-09	-1.513845e+01	-5.721285e+02
8.300000e-07	-2.644798e-09	-2.234762e-09	-1.502508e+01	-5.702077e+02
8.400000e-07	-2.624748e-09	-2.228151e-09	-1.491117e+01	-5.682563e+02
8.500000e-07	-2.604621e-09	-2.220382e-09	-1.479682e+01	-5.662740e+02
8.600000e-07	-2.584417e-09	-2.213232e-09	-1.468204e+01	-5.642607e+02
8.700000e-07	-2.564126e-09	-2.206088e-09	-1.456676e+01	-5.622163e+02
8.800000e-07	-2.543717e-09	-2.196832e-09	-1.445082e+01	-5.601406e+02
8.900000e-07	-2.523158e-09	-2.187109e-09	-1.433401e+01	-5.580340e+02
9.000000e-07	-2.502415e-09	-2.178652e-09	-1.421617e+01	-5.558967e+02
9.100000e-07	-2.481469e-09	-2.170417e-09	-1.409718e+01	-5.537291e+02
9.200000e-07	-2.460319e-09	-2.162383e-09	-1.397703e+01	-5.515317e+02
9.300000e-07	-2.438972e-09	-2.155293e-09	-1.385576e+01	-5.493053e+02
9.400000e-07	-2.417442e-09	-2.147351e-09	-1.373344e+01	-5.470503e+02
9.500000e-07	-2.395741e-09	-2.137567e-09	-1.361016e+01	-5.447676e+02
9.600000e-07	-2.373881e-09	-2.127730e-09	-1.348597e+01	-5.424575e+02
9.700000e-07	-2.351871e-09	-2.118315e-09	-1.336093e+01	-5.401205e+02
9.800000e-07	-2.329716e-09	-2.108901e-09	-1.323507e+01	-5.377569e+02
9.900000e-07	-2.307413e-09	-2.100300e-09	-1.310836e+01	-5.353666e+02
1.000000e-06	-2.284951e-09	-2.092303e-09	-1.298075e+01	-5.329496e+02
1.010000e-06	-2.262326e-09	-2.083425e-09	-1.285222e+01	-5.305052e+02
1.020000e-06	-2.239531e-09	-2.073953e-09	-1.272272e+01	-5.280330e+02
1.030000e-06	-2.216557e-09	-2.064372e-09	-1.259220e+01	-5.255320e+02
1.040000e-06	-2.193405e-09	-2.053875e-09	-1.246068e+01	-5.230013e+02
1.050000e-06	-2.170082e-09	-2.042912e-09	-1.232818e+01	-5.204398e+02
1.060000e-06	-2.146595e-09	-2.033244e-09	-1.219474e+01	-5.178465e+02
1.070000e-06	-2.122957e-09	-2.024690e-09	-1.206045e+01	-5.152205e+02
1.080000e-06	-2.099182e-09	-2.015905e-09	-1.192539e+01	-5.125609e+02
1.090000e-06	-2.075288e-09	-2.006381e-09	-1.178964e+01	-5.098669e+02
1.100000e-06	-2.051293e-09	-1.995760e-09	-1.165333e+01	-5.071381e+02
1.110000e-06	-2.027214e-09	-1.984026e-09	-1.151653e+01	-5.043743e+02
1.120000e-06	-2.003054e-09	-1.972378e-09	-1.137927e+01	-5.015754e+02
1.130000e-06	-1.978813e-09	-1.961416e-09	-1.124155e+01	-4.987416e+02
1.140000e-06	-1.954474e-09	-1.950708e-09	-1.110328e+01	-4.958733e+02
1.150000e-06	-1.930024e-09	-1.939842e-09	-1.096438e+01	-4.929710e+02
1.160000e-06	-1.905449e-09	-1.928899e-09	-1.082477e+01	-4.900351e+02
1.170000e-06	-1.880734e-09	-1.917885e-09	-1.068436e+01	-4.870663e+02
1.180000e-06	-1.855864e-09	-1.906310e-09	-1.054307e+01	-4.840648e+02
1.190000e-06	-1.830829e-09	-1.893773e-09	-1.040084e+01	-4.810311e+02
1.200000e-06	-1.805615e-09	-1.880858e-09	-1.025761e+01	-4.779652e+02
1.210000e-06	-1.780213e-09	-1.868982e-09	-1.011330e+01	-4.748669e+02
1.220000e-06	-1.754605e-09	-1.858218e-09	-9.967822e+00	-4.717359e+02
1.230000e-06	-1.728774e-09	-1.847075e-09	-9.821080e+00	-4.685717e+02
1.240000e-06	-1.702706e-09	-1.834815e-09	-9.672991e+00	-4.653733e+02
1.250000e-06	-1.676403e-09	-1.821942e-09	-9.523566e+00	-4.621398e+02
1.260000e-06	-1.649876e-09	-1.808891e-09	-9.372867e+00	-4.588699e+02
1.270000e-06	-1.623122e-09	-1.795789e-09	-9.220880e+00	-4.555626e+02
1.280000e-06	-1.596152e-09	-1.782744e-09	-9.067663e+00	-4.522163e+02
1.290000e-06	-1.568990e-09	-1.769675e-09	-8.913359e+00	-4.488300e+02
1.300000e-06	-1.541655e-09	-1.756768e-09	-8.758065e+00	-4.454023e+02
1.310000e-06	-1.514164e-09	-1.744161e-09	-8.601892e+00	-4.419322e+02
1.320000e-06	-1.486545e-09	-1.731157e-09	-8.444985e+00	-4.384185e+02
1.330000e-06	-1.458820e-09	-1.717080e-09	-8.287477e+00	-4.348603e+02
1.340000e-06	-1.431007e-09	-1.702166e-09	-8.129467e+00	-4.312569e+02
1.350000e-06	-1.403119e-09	-1.687283e-09	-7.971034e+00	-4.276074e+02
1.360000e-06	-1.375169e-09	-1.672851e-09	-7.812246e+00	-4.239111e+02
1.370000e-06	-1.347167e-09	-1.658823e-09	-7.653163e+00	-4.201674e+02
1.380000e-06	-1.319123e-09	-1.644744e-09	-7.493837e+00	-4.163756e+02
1.390000e-06	-1.291040e-09	-1.630064e-09	-7.334292e+00	-4.125350e+02
1.400000e-06	-1.262923e-09	-1.614768e-09	-7.174556e+00	-4.086448e+02
1.410000e-06	-1.234775e-09	-1.599031e-09	-7.014641e+00	-4.047042e+02
1.420000e-06	-1.206593e-09	-1.582935e-09	-6.854538e+00	-4.007123e+02
1.430000e-06	-1.178377e-09	-1.566721e-09	-6.694235e+00	-3.966681e+02
1.440000e-06	-1.150122e-09	-1.550783e-09	-6.533712e+00	-3.925708e+02
1.450000e-06	-1.121823e-09	-1.535074e-09	-6.372943e+00	-3.884193e+02
1.460000e-06	-1.093478e-09	-1.518816e-09	-6.211909e+00	-3.842128e+02
1.470000e-06	-1.065082e-09	-1.502035e-09	-6.050587e+00	-3.799504e+02
1.480000e-06	-1.036633e-09	-1.484716e-09	-5.888966e+00	-3.756314e+02
1.490000e-06	-1.008132e-09	-1.466716e-09	-5.727049e+00	-3.712552e+02
1.500000e-06	-9.795708e-10	-1.449145e-09	-5.564793e+00	-3.668213e+02
1.510000e-06	-9.509414e-10	-1.432120e-09	-5.402149e+00	-3.623294e+02
1.520000e-06	-9.222368e-10	-1.414188e-09	-5.239079e+00	-3.577792e+02
1.530000e-06	-8.934522e-10	-1.395308e-09	-5.075554e+00	-3.531708e+02
1.540000e-06	-8.645894e-10	-1.376813e-09	-4.911584e+00	-3.485041e+02
1.550000e-06	-8.356489e-10	-1.358719e-09	-4.747172e+00	-3.437791e+02
1.560000e-06	-8.066344e-10	-1.340170e-09	-4.582339e+00	-3.389956e+02
1.570000e-06	-7.775495e-10	-1.320868e-09	-4.417108e+00	-3.341538e+02
1.580000e-06	-7.483926e-10	-1.300994e-09	-4.251468e+00	-3.292532e+02
1.590000e-06	-7.191657e-10	-1.280953e-09	-4.085429e+00	-3.242935e+02
1.600000e-06	-6.898760e-10	-1.261308e-09	-3.919033e+00	-3.192743e+02
1.610000e-06	-6.605331e-10	-1.241844e-09	-3.752337e+00	-3.141947e+02
1.620000e-06	-6.311357e-10	-1.221707e-09	-3.585330e+00	-3.090539e+02
1.630000e-06	-6.016859e-10	-1.200793e-09	-3.418026e+00	-3.038506e+02
1.640000e-06	-5.721934e-10	-1.179715e-09	-3.250479e+00	-2.985839e+02
1.650000e-06	-5.426568e-10	-1.158848e-09	-3.082681e+00	-2.932522e+02
1.660000e-06	-5.130754e-10	-1.137713e-09	-2.914628e+00	-2.878542e+02
1.670000e-06	-4.834514e-10	-1.116150e-09	-2.746334e+00	-2.823885e+02
1.680000e-06	-4.537852e-10	-1.094597e-09	-2.577800e+00	-2.768538e+02
1.690000e-06	-4.240807e-10	-1.072866e-09	-2.409047e+00	-2.712489e+02
1.700000e-06	-3.943429e-10	-1.050556e-09	-2.240105e+00	-2.655724e+02
1.710000e-06	-3.645766e-10	-1.027520e-09	-2.071001e+00	-2.598234e+02
1.720000e-06	-3.347888e-10	-1.003846e-09	-1.901774e+00	-2.540010e+02
1.730000e-06	-3.049856e-10	-9.800026e-10	-1.732459e+00	-2.481043e+02
1.740000e-06	-2.751679e-10	-9.565422e-10	-1.563062e+00	-2.421327e+02
1.750000e-06	-2.453336e-10	-9.333384e-10	-1.393571e+00	-2.360856e+02
1.760000e-06	-2.154864e-10	-9.096151e-10	-1.224006e+00	-2.299623e+02
1.770000e-06	-1.856299e-10	-8.848877e-10	-1.054389e+00	-2.237625e+02
1.780000e-06	-1.557633e-10	-8.595496e-10	-8.847154e-01	-2.174857e+02
1.790000e-06	-1.258876e-10	-8.343121e-10	-7.149894e-01	-2.111314e+02
1.800000e-06	-9.600278e-11	-8.091100e-10	-5.452124e-01	-2.046994e+02
1.810000e-06	-6.611179e-11	-7.832880e-10	-3.753998e-01	-1.981893e+02
1.820000e-06	-3.621887e-11	-7.568696e-10	-2.055755e-01	-1.916008e+02
1.830000e-06	-6.324609e-12	-7.308230e-10	-3.574361e-02	-1.849340e+02
1.840000e-06	2.357348e-11	-7.051937e-10	1.341097e-01	-1.781891e+02
1.850000e-06	5.347516e-11	-6.789852e-10	3.039826e-01	-1.713663e+02
1.860000e-06	8.337003e-11	-6.517694e-10	4.738166e-01	-1.644667e+02
1.870000e-06	1.132510e-10	-6.238729e-10	6.435726e-01	-1.574913e+02
1.880000e-06	1.431209e-10	-5.959305e-10	8.132647e-01	-1.504419e+02
1.890000e-06	1.729803e-10	-5.682394e-10	9.828963e-01	-1.433205e+02
1.900000e-06	2.028245e-10	-5.404044e-10	1.152443e+00	-1.361299e+02
1.910000e-06	2.326534e-10	-5.117349e-10	1.321902e+00	-1.288733e+02
1.920000e-06	2.624692e-10	-4.827843e-10	1.491288e+00	-1.215542e+02
1.930000e-06	2.922695e-10	-4.542809e-10	1.660586e+00	-1.141769e+02
1.940000e-06	3.220498e-10	-4.256114e-10	1.829770e+00	-1.067457e+02
1.950000e-06	3.518089e-10	-3.962595e-10	1.998832e+00	-9.926522e+01
1.960000e-06	3.815461e-10	-3.664608e-10	2.167770e+00	-9.174037e+01
1.970000e-06	4.112572e-10	-3.364191e-10	2.336560e+00	-8.417592e+01
1.980000e-06	4.409376e-10	-3.062968e-10	2.505174e+00	-7.657662e+01
1.990000e-06	4.705831e-10	-2.764069e-10	2.673590e+00	-6.894697e+01
2.000000e-06	5.001924e-10	-2.464886e-10	2.841801e+00	-6.129123e+01
2.010000e-06	5.297615e-10	-2.160543e-10	3.009784e+00	-5.361325e+01
2.020000e-06	5.592790e-10	-1.855204e-10	3.177473e+00	-4.591647e+01
2.030000e-06	5.887433e-10	-1.555422e-10	3.344859e+00	-3.820391e+01
2.040000e-06	6.181544e-10	-1.256844e-10	3.511943e+00	-3.047815e+01
2.050000e-06	6.475095e-10	-9.548689e-11	3.678708e+00	-2.274137e+01
2.060000e-06	6.768085e-10	-6.493894e-11	3.845154e+00	-1.499541e+01
2.070000e-06	7.060506e-10	-3.407572e-11	4.011277e+00	-7.241833e+00
2.080000e-06	7.352319e-10	-3.539458e-12	4.177055e+00	5.179506e-01
2.090000e-06	7.643453e-10	2.648949e-11	4.342448e+00	8.282626e+00
2.100000e-06	7.933902e-10	5.704712e-11	4.507451e+00	1.605086e+01
2.110000e-06	8.223656e-10	8.828676e-11	4.672060e+00	2.382122e+01
2.120000e-06	8.512670e-10	1.189869e-10	4.836248e+00	3.159208e+01
2.130000e-06	8.800922e-10	1.489408e-10	5.000005e+00	3.936160e+01
2.140000e-06	9.088423e-10	1.791395e-10	5.163335e+00	4.712766e+01
2.150000e-06	9.375189e-10	2.096389e-10	5.326249e+00	5.488786e+01
2.160000e-06	9.661242e-10	2.400959e-10	5.488758e+00	6.263952e+01
2.170000e-06	9.946626e-10	2.707116e-10	5.650887e+00	7.037974e+01
2.180000e-06	1.023138e-09	3.010743e-10	5.812658e+00	7.810542e+01
2.190000e-06	1.051557e-09	3.310456e-10	5.974110e+00	8.581335e+01
2.200000e-06	1.079926e-09	3.613533e-10	6.135276e+00	9.350026e+01
2.210000e-06	1.108247e-09	3.918359e-10	6.296174e+00	1.011629e+02
2.220000e-06	1.136527e-09	4.216454e-10	6.456840e+00	1.087983e+02
2.230000e-06	1.164769e-09	4.512428e-10	6.617285e+00	1.164033e+02
2.240000e-06	1.192976e-09	4.810069e-10	6.777531e+00	1.239753e+02
2.250000e-06	1.221152e-09	5.103747e-10	6.937608e+00	1.315119e+02
2.260000e-06	1.249301e-09	5.396015e-10	7.097526e+00	1.390109e+02
2.270000e-06	1.277421e-09	5.689710e-10	7.257281e+00	1.464704e+02
2.280000e-06	1.305508e-09	5.980077e-10	7.416849e+00	1.538891e+02
2.290000e-06	1.333560e-09	6.268382e-10	7.576213e+00	1.612654e+02
2.300000e-06	1.361570e-09	6.558070e-10	7.735342e+00	1.685985e+02
2.310000e-06	1.389529e-09	6.846168e-10	7.894178e+00	1.758873e+02
2.320000e-06	1.417424e-09	7.131351e-10	8.052652e+00	1.831313e+02
2.330000e-06	1.445243e-09	7.411129e-10	8.210692e+00	1.903295e+02
2.340000e-06	1.472971e-09	7.684098e-10	8.368214e+00	1.974815e+02
2.350000e-06	1.500586e-09	7.958355e-10	8.525097e+00	2.045865e+02
2.360000e-06	1.528072e-09	8.238055e-10	8.681243e+00	2.116436e+02
2.370000e-06	1.555406e-09	8.514046e-10	8.836520e+00	2.186522e+02
2.380000e-06	1.582561e-09	8.783251e-10	8.990782e+00	2.256112e+02
2.390000e-06	1.609517e-09	9.051663e-10	9.143915e+00	2.325197e+02
2.400000e-06	1.636255e-09	9.319045e-10	9.295803e+00	2.393763e+02
2.410000e-06	1.662763e-09	9.584243e-10	9.446392e+00	2.461800e+02
2.420000e-06	1.689034e-09	9.848534e-10	9.595632e+00	2.529294e+02
2.430000e-06	1.715063e-09	1.011088e-09	9.743495e+00	2.596232e+02
2.440000e-06	1.740854e-09	1.037112e-09	9.890009e+00	2.662601e+02
2.450000e-06	1.766417e-09	1.063075e-09	1.003523e+01	2.728388e+02
2.460000e-06	1.791764e-09	1.088949e-09	1.017922e+01	2.793579e+02
2.470000e-06	1.816909e-09	1.114391e-09	1.032208e+01	2.858163e+02
2.480000e-06	1.841871e-09	1.139341e-09	1.046388e+01	2.922128e+02
2.490000e-06	1.866666e-09	1.164077e-09	1.060474e+01	2.985463e+02
2.500000e-06	1.891316e-09	1.188648e-09	1.074478e+01	3.048159e+02
2.510000e-06	1.915838e-09	1.213026e-09	1.088409e+01	3.110207e+02
2.520000e-06	1.940250e-09	1.237195e-09	1.102278e+01	3.171599e+02
2.530000e-06	1.964563e-09	1.261043e-09	1.116091e+01	3.232327e+02
2.540000e-06	1.988787e-09	1.284424e-09	1.129852e+01	3.292387e+02
2.550000e-06	2.012926e-09	1.307814e-09	1.143566e+01	3.351772e+02
2.560000e-06	2.036977e-09	1.331674e-09	1.157229e+01	3.410479e+02
2.570000e-06	2.060932e-09	1.355230e-09	1.170839e+01	3.468504e+02
2.580000e-06	2.084777e-09	1.377733e-09	1.184385e+01	3.525845e+02
2.590000e-06	2.108492e-09	1.399631e-09	1.197858e+01	3.582501e+02
2.600000e-06	2.132061e-09	1.421518e-09	1.211247e+01	3.638472e+02
2.610000e-06	2.155472e-09	1.443517e-09	1.224547e+01	3.693757e+02
2.620000e-06	2.178710e-09	1.465529e-09	1.237748e+01	3.748358e+02
2.630000e-06	2.201767e-09	1.487163e-09	1.250846e+01	3.802277e+02
2.640000e-06	2.224649e-09	1.508274e-09	1.263845e+01	3.855516e+02
2.650000e-06	2.247358e-09	1.529402e-09	1.276746e+01	3.908076e+02
2.660000e-06	2.269903e-09	1.550473e-09	1.289554e+01	3.959961e+02
2.670000e-06	2.292301e-09	1.570803e-09	1.302278e+01	4.011173e+02
2.680000e-06	2.314565e-09	1.590645e-09	1.314927e+01	4.061712e+02
2.690000e-06	2.336700e-09	1.610535e-09	1.327502e+01	4.111580e+02
2.700000e-06	2.358701e-09	1.630214e-09	1.340000e+01	4.160775e+02
2.710000e-06	2.380557e-09	1.649451e-09	1.352416e+01	4.209297e+02
2.720000e-06	2.402249e-09	1.668498e-09	1.364739e+01	4.257141e+02
2.730000e-06	2.423758e-09	1.687296e-09	1.376958e+01	4.304304e+02
2.740000e-06	2.445072e-09	1.705579e-09	1.389066e+01	4.350779e+02
2.750000e-06	2.466180e-09	1.723555e-09	1.401058e+01	4.396561e+02
2.760000e-06	2.487090e-09	1.741412e-09	1.412937e+01	4.441641e+02
2.770000e-06	2.507818e-09	1.758936e-09	1.424712e+01	4.486013e+02
2.780000e-06	2.528380e-09	1.776268e-09	1.436394e+01	4.529670e+02
2.790000e-06	2.548804e-09	1.793404e-09	1.447997e+01	4.572604e+02
2.800000e-06	2.569115e-09	1.809784e-09	1.459536e+01	4.614811e+02
2.810000e-06	2.589334e-09	1.825509e-09	1.471023e+01	4.656286e+02
2.820000e-06	2.609474e-09	1.841316e-09	1.482464e+01	4.697028e+02
2.830000e-06	2.629534e-09	1.857141e-09	1.493861e+01	4.737037e+02
2.840000e-06	2.649500e-09	1.872511e-09	1.505204e+01	4.776315e+02
2.850000e-06	2.669346e-09	1.887702e-09	1.516479e+01	4.814868e+02
2.860000e-06	2.689037e-09	1.902817e-09	1.527665e+01	4.852702e+02
2.870000e-06	2.708534e-09	1.917491e-09	1.538741e+01	4.889826e+02
2.880000e-06	2.727810e-09	1.931437e-09	1.549691e+01	4.926250e+02
2.890000e-06	2.746845e-09	1.944762e-09	1.560505e+01	4.961988e+02
2.900000e-06	2.765627e-09	1.958021e-09	1.571174e+01	4.997050e+02
2.910000e-06	2.784157e-09	1.971437e-09	1.581701e+01	5.031451e+02
2.920000e-06	2.802443e-09	1.984914e-09	1.592089e+01	5.065204e+02
2.930000e-06	2.820507e-09	1.998187e-09	1.602352e+01	5.098321e+02
2.940000e-06	2.838374e-09	2.011073e-09	1.612502e+01	5.130815e+02
2.950000e-06	2.856066e-09	2.023624e-09	1.622553e+01	5.162697e+02
2.960000e-06	2.873606e-09	2.036024e-09	1.632518e+01	5.193979e+02
2.970000e-06	2.891000e-09	2.048041e-09	1.642400e+01	5.224671e+02
2.980000e-06	2.908244e-09	2.059314e-09	1.652197e+01	5.254783e+02
2.990000e-06	2.925326e-09	2.070306e-09	1.661901e+01	5.284326e+02
3.000000e-06	2.942225e-09	2.081827e-09	1.671502e+01	5.313310e+02
3.010000e-06	2.958917e-09	2.093804e-09	1.680984e+01	5.341745e+02
3.020000e-06	2.975362e-09	2.105346e-09	1.690327e+01	5.369643e+02
3.030000e-06	2.991532e-09	2.116127e-09	1.699513e+01	5.397016e+02
3.040000e-06	3.007400e-09	2.126432e-09	1.708527e+01	5.423877e+02
3.050000e-06	3.022948e-09	2.136550e-09	1.717359e+01	5.450240e+02
3.060000e-06	3.038180e-09	2.146689e-09	1.726012e+01	5.476120e+02
3.070000e-06	3.053113e-09	2.156925e-09	1.734496e+01	5.501533e+02
3.080000e-06	3.067782e-09	2.167001e-09	1.742829e+01	5.526493e+02
3.090000e-06	3.082220e-09	2.176790e-09	1.751031e+01	5.551016e+02
3.100000e-06	3.096448e-09	2.186666e-09	1.759114e+01	5.575117e+02
3.110000e-06	3.110473e-09	2.196644e-09	1.767082e+01	5.598810e+02
3.120000e-06	3.124286e-09	2.205995e-09	1.774929e+01	5.622106e+02
3.130000e-06	3.137870e-09	2.214415e-09	1.782646e+01	5.645018e+02
3.140000e-06	3.151207e-09	2.222958e-09	1.790222e+01	5.667552e+02
3.150000e-06	3.164285e-09	2.232325e-09	1.797652e+01	5.689715e+02
3.160000e-06	3.177118e-09	2.241824e-09	1.804942e+01	5.711513e+02
3.170000e-06	3.189726e-09	2.250817e-09	1.812104e+01	5.732946e+02
3.180000e-06	3.202132e-09	2.259140e-09	1.819152e+01	5.754016e+02
3.190000e-06	3.214355e-09	2.267118e-09	1.826096e+01	5.774722e+02
3.200000e-06	3.226397e-09	2.275542e-09	1.832937e+01	5.795063e+02
3.210000e-06	3.238238e-09	2.284040e-09	1.839664e+01	5.815035e+02
3.220000e-06	3.249840e-09	2.291747e-09	1.846254e+01	5.834636e+02
3.230000e-06	3.261148e-09	2.299248e-09	1.852678e+01	5.853863e+02
3.240000e-06	3.272107e-09	2.307124e-09	1.858903e+01	5.872716e+02
3.250000e-06	3.282676e-09	2.314870e-09	1.864906e+01	5.891194e+02
3.260000e-06	3.292833e-09	2.322097e-09	1.870676e+01	5.909296e+02
3.270000e-06	3.302576e-09	2.328946e-09	1.876210e+01	5.927024e+02
3.280000e-06	3.311929e-09	2.335606e-09	1.881523e+01	5.944382e+02
3.290000e-06	3.320942e-09	2.342264e-09	1.886643e+01	5.961372e+02
3.300000e-06	3.329677e-09	2.349146e-09	1.891605e+01	5.978000e+02
3.310000e-06	3.338193e-09	2.356215e-09	1.896443e+01	5.994272e+02
3.320000e-06	3.346537e-09	2.363255e-09	1.901183e+01	6.010192e+02
3.330000e-06	3.354744e-09	2.369874e-09	1.905846e+01	6.025767e+02
3.340000e-06	3.362822e-09	2.375869e-09	1.910435e+01	6.041004e+02
3.350000e-06	3.370755e-09	2.381709e-09	1.914942e+01	6.055907e+02
3.360000e-06	3.378509e-09	2.387454e-09	1.919347e+01	6.070482e+02
3.370000e-06	3.386045e-09	2.392882e-09	1.923628e+01	6.084733e+02
3.380000e-06	3.393323e-09	2.398196e-09	1.927762e+01	6.098663e+02
3.390000e-06	3.400336e-09	2.403947e-09	1.931746e+01	6.112276e+02
3.400000e-06	3.407093e-09	2.410286e-09	1.935585e+01	6.125572e+02
3.410000e-06	3.413609e-09	2.416510e-09	1.939286e+01	6.138553e+02
3.420000e-06	3.419903e-09	2.421908e-09	1.942862e+01	6.151218e+02
3.430000e-06	3.425979e-09	2.426574e-09	1.946314e+01	6.163567e+02
3.440000e-06	3.431829e-09	2.431197e-09	1.949637e+01	6.175596e+02
3.450000e-06	3.437435e-09	2.436066e-09	1.952822e+01	6.187304e+02
3.460000e-06	3.442774e-09	2.440709e-09	1.955855e+01	6.198686e+02
3.470000e-06	3.447843e-09	2.444837e-09	1.958734e+01	6.209738e+02
3.480000e-06	3.452656e-09	2.448820e-09	1.961469e+01	6.220457e+02
3.490000e-06	3.457250e-09	2.452981e-09	1.964078e+01	6.230836e+02
3.500000e-06	3.461665e-09	2.457138e-09	1.966587e+01	6.240871e+02
3.510000e-06	3.465937e-09	2.461066e-09	1.969014e+01	6.250557e+02
3.520000e-06	3.470083e-09	2.464819e-09	1.971370e+01	6.259889e+02
3.530000e-06	3.474096e-09	2.468294e-09	1.973650e+01	6.268863e+02
3.540000e-06	3.477945e-09	2.471667e-09	1.975837e+01	6.277477e+02
3.550000e-06	3.481582e-09	2.475159e-09	1.977903e+01	6.285729e+02
3.560000e-06	3.484948e-09	2.478423e-09	1.979815e+01	6.293619e+02
3.570000e-06	3.487985e-09	2.481161e-09	1.981539e+01	6.301149e+02
3.580000e-06	3.490638e-09	2.483640e-09	1.983046e+01	6.308322e+02
3.590000e-06	3.492876e-09	2.486071e-09	1.984316e+01	6.315143e+02
3.600000e-06	3.494695e-09	2.488546e-09	1.985349e+01	6.321619e+02
3.610000e-06	3.496113e-09	2.491157e-09	1.986154e+01	6.327758e+02
3.620000e-06	3.497177e-09	2.493577e-09	1.986759e+01	6.333570e+02
3.630000e-06	3.497944e-09	2.495927e-09	1.987194e+01	6.339064e+02
3.640000e-06	3.498474e-09	2.498030e-09	1.987495e+01	6.344251e+02
3.650000e-06	3.498822e-09	2.499560e-09	1.987693e+01	6.349140e+02
3.660000e-06	3.499024e-09	2.501061e-09	1.987808e+01	6.353740e+02
3.670000e-06	3.499083e-09	2.502429e-09	1.987842e+01	6.358057e+02
3.680000e-06	3.498983e-09	2.503235e-09	1.987785e+01	6.362097e+02
3.690000e-06	3.498687e-09	2.503806e-09	1.987617e+01	6.365862e+02
3.700000e-06	3.498154e-09	2.506517e-09	1.987314e+01	6.369351e+02
3.710000e-06	3.497353e-09	2.512603e-09	1.986858e+01	6.372563e+02
3.720000e-06	3.496265e-09	2.516917e-09	1.986240e+01	6.375492e+02
3.730000e-06	3.494895e-09	2.518170e-09	1.985461e+01	6.378132e+02
3.740000e-06	3.493234e-09	2.500188e-09	1.984518e+01	6.380474e+02
3.750000e-06	3.491259e-09	2.477579e-09	1.983395e+01	6.382509e+02
3.760000e-06	3.488985e-09	2.493866e-09	1.982103e+01	6.384228e+02
3.770000e-06	3.486494e-09	2.530899e-09	1.980688e+01	6.385622e+02
3.780000e-06	3.483875e-09	2.530913e-09	1.979200e+01	6.386684e+02
3.790000e-06	3.481145e-09	2.507677e-09	1.977649e+01	6.387408e+02
3.800000e-06	3.478257e-09	2.521760e-09	1.976008e+01	6.387792e+02
3.810000e-06	3.475149e-09	2.540180e-09	1.974242e+01	6.387834e+02
3.820000e-06	3.471796e-09	2.512123e-09	1.972338e+01	6.387539e+02
3.830000e-06	3.468228e-09	2.484147e-09	1.970311e+01	6.386910e+02
3.840000e-06	3.464490e-09	2.499736e-09	1.968188e+01	6.385957e+02
3.850000e-06	3.460604e-09	2.516392e-09	1.965980e+01	6.384689e+02
3.860000e-06	3.456558e-09	2.503444e-09	1.963682e+01	6.383117e+02
3.870000e-06	3.452327e-09	2.500052e-09	1.961278e+01	6.381254e+02
3.880000e-06	3.447874e-09	2.520351e-09	1.958748e+01	6.379113e+02
3.890000e-06	3.443134e-09	2.526193e-09	1.956055e+01	6.376705e+02
3.900000e-06	3.437998e-09	2.504675e-09	1.953137e+01	6.374042e+02
3.910000e-06	3.432370e-09	2.484558e-09	1.949939e+01	6.371132e+02
3.920000e-06	3.426247e-09	2.488292e-09	1.946460e+01	6.367982e+02
3.930000e-06	3.419706e-09	2.502674e-09	1.942743e+01	6.364598e+02
3.940000e-06	3.412833e-09	2.506002e-09	1.938838e+01	6.360980e+02
3.950000e-06	3.405682e-09	2.498993e-09	1.934775e+01	6.357129e+02
3.960000e-06	3.398289e-09	2.498689e-09	1.930576e+01	6.353042e+02
3.970000e-06	3.390703e-09	2.503903e-09	1.926266e+01	6.348716e+02
3.980000e-06	3.382958e-09	2.494048e-09	1.921867e+01	6.344146e+02
3.990000e-06	3.375069e-09	2.473323e-09	1.917385e+01	6.339324e+02
4.000000e-06	3.367028e-09	2.472284e-09	1.912817e+01	6.334244e+02
4.010000e-06	3.358818e-09	2.491602e-09	1.908153e+01	6.328900e+02
4.020000e-06	3.350407e-09	2.497524e-09	1.903375e+01	6.323285e+02
4.030000e-06	3.341752e-09	2.482457e-09	1.898457e+01	6.317394e+02
4.040000e-06	3.332821e-09	2.474580e-09	1.893383e+01	6.311220e+02
4.050000e-06	3.323621e-09	2.481605e-09	1.888156e+01	6.304760e+02
4.060000e-06	3.314177e-09	2.477207e-09	1.882791e+01	6.298011e+02
4.070000e-06	3.304513e-09	2.457487e-09	1.877301e+01	6.290969e+02
4.080000e-06	3.294654e-09	2.452305e-09	1.871700e+01	6.283632e+02
4.090000e-06	3.284610e-09	2.467795e-09	1.865994e+01	6.275999e+02
4.100000e-06	3.274369e-09	2.473718e-09	1.860176e+01	6.268069e+02
4.110000e-06	3.263890e-09	2.461224e-09	1.854222e+01	6.259841e+02
4.120000e-06	3.253140e-09	2.453600e-09	1.848115e+01	6.251314e+02
4.130000e-06	3.242119e-09	2.454245e-09	1.841854e+01	6.242489e+02
4.140000e-06	3.230833e-09	2.444456e-09	1.835442e+01	6.233366e+02
4.150000e-06	3.219303e-09	2.431120e-09	1.828892e+01	6.223946e+02
4.160000e-06	3.207548e-09	2.434302e-09	1.822214e+01	6.214231e+02
4.170000e-06	3.195579e-09	2.441665e-09	1.815414e+01	6.204223e+02
4.180000e-06	3.183386e-09	2.433352e-09	1.808487e+01	6.193925e+02
4.190000e-06	3.170934e-09	2.423838e-09	1.801413e+01	6.183341e+02
4.200000e-06	3.158184e-09	2.427431e-09	1.794169e+01	6.172476e+02
4.210000e-06	3.145086e-09	2.424434e-09	1.786728e+01	6.161335e+02
4.220000e-06	3.131595e-09	2.406142e-09	1.779063e+01	6.149923e+02
4.230000e-06	3.117691e-09	2.397606e-09	1.771163e+01	6.138246e+02
4.240000e-06	3.103387e-09	2.405664e-09	1.763036e+01	6.126310e+02
4.250000e-06	3.088722e-09	2.405175e-09	1.754704e+01	6.114120e+02
4.260000e-06	3.073735e-09	2.392951e-09	1.746190e+01	6.101680e+02
4.270000e-06	3.058477e-09	2.389099e-09	1.737522e+01	6.088994e+02
4.280000e-06	3.043005e-09	2.388974e-09	1.728732e+01	6.076064e+02
4.290000e-06	3.027368e-09	2.377009e-09	1.719850e+01	6.062891e+02
4.300000e-06	3.011601e-09	2.365640e-09	1.710893e+01	6.049474e+02
4.310000e-06	2.995719e-09	2.366657e-09	1.701870e+01	6.035811e+02
4.320000e-06	2.979714e-09	2.364642e-09	1.692777e+01	6.021899e+02
4.330000e-06	2.963558e-09	2.353635e-09	1.683599e+01	6.007735e+02
4.340000e-06	2.947218e-09	2.349332e-09	1.674316e+01	5.993312e+02
4.350000e-06	2.930667e-09	2.349973e-09	1.664913e+01	5.978628e+02
4.360000e-06	2.913886e-09	2.339707e-09	1.655380e+01	5.963675e+02
4.370000e-06	2.896864e-09	2.325520e-09	1.645709e+01	5.948450e+02
4.380000e-06	2.879612e-09	2.321522e-09	1.635909e+01	5.932949e+02
4.390000e-06	2.862158e-09	2.319686e-09	1.625993e+01	5.917168e+02
4.400000e-06	2.844528e-09	2.311957e-09	1.615977e+01	5.901105e+02
4.410000e-06	2.826738e-09	2.306372e-09	1.605871e+01	5.884756e+02
4.420000e-06	2.808786e-09	2.303021e-09	1.595672e+01	5.868121e+02
4.430000e-06	2.790661e-09	2.293542e-09	1.585375e+01	5.851198e+02
4.440000e-06	2.772342e-09	2.282885e-09	1.574968e+01	5.833987e+02
4.450000e-06	2.753810e-09	2.277784e-09	1.564439e+01	5.816486e+02
4.460000e-06	2.735055e-09	2.271407e-09	1.553785e+01	5.798695e+02
4.470000e-06	2.716081e-09	2.261629e-09	1.543005e+01	5.780611e+02
4.480000e-06	2.696902e-09	2.256394e-09	1.532110e+01	5.762232e+02
4.490000e-06	2.677546e-09	2.253537e-09	1.521114e+01	5.743557e+02
4.500000e-06	2.658045e-09	2.244934e-09	1.510035e+01	5.724580e+02
4.510000e-06	2.638427e-09	2.233964e-09	1.498890e+01	5.705301e+02
4.520000e-06	2.618716e-09	2.225629e-09	1.487693e+01	5.685715e+02
4.530000e-06	2.598924e-09	2.217145e-09	1.476449e+01	5.665820e+02
4.540000e-06	2.579053e-09	2.208879e-09	1.465161e+01	5.645614e+02
4.550000e-06	2.559091e-09	2.203789e-09	1.453820e+01	5.625096e+02
4.560000e-06	2.539014e-09	2.197672e-09	1.442415e+01	5.604267e+02
4.570000e-06	2.518783e-09	2.187790e-09	1.430922e+01	5.583128e+02
4.580000e-06	2.498351e-09	2.178701e-09	1.419314e+01	5.561684e+02
4.590000e-06	2.477673e-09	2.170858e-09	1.407566e+01	5.539938e+02
4.600000e-06	2.456716e-09	2.160654e-09	1.395659e+01	5.517896e+02
4.610000e-06	2.435448e-09	2.149995e-09	1.383576e+01	5.495565e+02
4.620000e-06	2.413855e-09	2.141980e-09	1.371309e+01	5.472950e+02
4.630000e-06	2.391946e-09	2.134530e-09	1.358861e+01	5.450059e+02
4.640000e-06	2.369731e-09	2.126290e-09	1.346240e+01	5.426895e+02
4.650000e-06	2.347220e-09	2.118131e-09	1.333451e+01	5.403464e+02
4.660000e-06	2.324427e-09	2.107948e-09	1.320502e+01	5.379766e+02
4.670000e-06	2.301383e-09	2.095332e-09	1.307411e+01	5.355802e+02
4.680000e-06	2.278125e-09	2.084370e-09	1.294198e+01	5.331569e+02
4.690000e-06	2.254699e-09	2.075877e-09	1.280889e+01	5.307061e+02
4.700000e-06	2.231149e-09	2.066831e-09	1.267511e+01	5.282273e+02
4.710000e-06	2.207507e-09	2.057129e-09	1.254080e+01	5.257194e+02
4.720000e-06	2.183785e-09	2.047926e-09	1.240604e+01	5.231816e+02
4.730000e-06	2.159993e-09	2.037944e-09	1.227088e+01	5.206128e+02
4.740000e-06	2.136136e-09	2.026776e-09	1.213535e+01	5.180119e+02
4.750000e-06	2.112208e-09	2.015311e-09	1.199942e+01	5.153780e+02
4.760000e-06	2.088197e-09	2.003342e-09	1.186301e+01	5.127103e+02
4.770000e-06	2.064085e-09	1.991692e-09	1.172603e+01	5.100081e+02
4.780000e-06	2.039854e-09	1.982149e-09	1.158838e+01	5.072711e+02
4.790000e-06	2.015491e-09	1.973182e-09	1.144997e+01	5.044990e+02
4.800000e-06	1.990976e-09	1.962199e-09	1.131070e+01	5.016918e+02
4.810000e-06	1.966295e-09	1.949948e-09	1.117048e+01	4.988499e+02
4.820000e-06	1.941439e-09	1.937769e-09	1.102927e+01	4.959735e+02
4.830000e-06	1.916409e-09	1.925580e-09	1.088708e+01	4.930633e+02
4.840000e-06	1.891215e-09	1.913800e-09	1.074395e+01	4.901196e+02
4.850000e-06	1.865875e-09	1.902443e-09	1.059999e+01	4.871431e+02
4.860000e-06	1.840404e-09	1.890724e-09	1.045529e+01	4.841341e+02
4.870000e-06	1.814811e-09	1.879091e-09	1.030990e+01	4.810928e+02
4.880000e-06	1.789111e-09	1.868019e-09	1.016389e+01	4.780193e+02
4.890000e-06	1.763310e-09	1.856234e-09	1.001732e+01	4.749134e+02
4.900000e-06	1.737413e-09	1.843132e-09	9.870196e+00	4.717747e+02
4.910000e-06	1.711406e-09	1.829526e-09	9.722451e+00	4.686026e+02
4.920000e-06	1.685283e-09	1.816415e-09	9.574048e+00	4.653960e+02
4.930000e-06	1.659045e-09	1.804200e-09	9.424985e+00	4.621541e+02
4.940000e-06	1.632679e-09	1.792077e-09	9.275197e+00	4.588755e+02
4.950000e-06	1.606175e-09	1.778849e-09	9.124629e+00	4.555591e+02
4.960000e-06	1.579527e-09	1.764432e-09	8.973238e+00	4.522035e+02
4.970000e-06	1.552727e-09	1.750391e-09	8.820984e+00	4.488075e+02
4.980000e-06	1.525782e-09	1.737665e-09	8.667909e+00	4.453698e+02
4.990000e-06	1.498707e-09	1.724939e-09	8.514092e+00	4.418894e+02
5.000000e-06	1.471509e-09	1.710821e-09	8.359581e+00	4.383652e+02
5.010000e-06	1.444199e-09	1.695835e-09	8.204434e+00	4.347964e+02
5.020000e-06	1.416793e-09	1.681106e-09	8.048738e+00	4.311821e+02
5.030000e-06	1.389306e-09	1.666834e-09	7.892584e+00	4.275215e+02
5.040000e-06	1.361753e-09	1.652109e-09	7.736059e+00	4.238140e+02
5.050000e-06	1.334141e-09	1.636683e-09	7.579200e+00	4.200589e+02
5.060000e-06	1.306475e-09	1.621515e-09	7.422032e+00	4.162555e+02
5.070000e-06	1.278763e-09	1.607126e-09	7.264603e+00	4.124031e+02
5.080000e-06	1.251010e-09	1.592675e-09	7.106938e+00	4.085009e+02
5.090000e-06	1.223220e-09	1.577077e-09	6.949064e+00	4.045481e+02
5.100000e-06	1.195395e-09	1.560293e-09	6.790995e+00	4.005438e+02
5.110000e-06	1.167535e-09	1.543099e-09	6.632726e+00	3.964870e+02
5.120000e-06	1.139639e-09	1.526284e-09	6.474252e+00	3.923767e+02
5.130000e-06	1.111707e-09	1.510086e-09	6.315573e+00	3.882121e+02
5.140000e-06	1.083737e-09	1.494568e-09	6.156677e+00	3.839923e+02
5.150000e-06	1.055726e-09	1.478827e-09	5.997546e+00	3.797164e+02
5.160000e-06	1.027667e-09	1.462102e-09	5.838150e+00	3.753837e+02
5.170000e-06	9.995601e-10	1.444887e-09	5.678474e+00	3.709936e+02
5.180000e-06	9.714015e-10	1.427512e-09	5.518504e+00	3.665458e+02
5.190000e-06	9.431843e-10	1.409415e-09	5.358201e+00	3.620400e+02
5.200000e-06	9.149007e-10	1.390321e-09	5.197521e+00	3.574759e+02
5.210000e-06	8.865464e-10	1.371395e-09	5.036438e+00	3.528535e+02
5.220000e-06	8.581156e-10	1.353733e-09	4.874920e+00	3.481728e+02
5.230000e-06	8.295991e-10	1.337129e-09	4.712916e+00	3.434337e+02
5.240000e-06	8.009943e-10	1.320222e-09	4.550408e+00	3.386363e+02
5.250000e-06	7.723006e-10	1.301670e-09	4.387394e+00	3.337803e+02
5.260000e-06	7.435238e-10	1.281670e-09	4.223908e+00	3.288656e+02
5.270000e-06	7.146643e-10	1.261416e-09	4.059953e+00	3.238917e+02
5.280000e-06	6.857257e-10	1.241259e-09	3.895549e+00	3.188581e+02
5.290000e-06	6.567135e-10	1.220841e-09	3.730726e+00	3.137638e+02
5.300000e-06	6.276255e-10	1.200284e-09	3.565471e+00	3.086081e+02
5.310000e-06	5.984642e-10	1.180438e-09	3.399800e+00	3.033896e+02
5.320000e-06	5.692277e-10	1.161156e-09	3.233702e+00	2.981073e+02
5.330000e-06	5.399214e-10	1.141207e-09	3.067208e+00	2.927598e+02
5.340000e-06	5.105443e-10	1.120060e-09	2.900311e+00	2.873456e+02
5.350000e-06	4.810885e-10	1.098196e-09	2.732967e+00	2.818634e+02
5.360000e-06	4.515555e-10	1.076123e-09	2.565184e+00	2.763118e+02
5.370000e-06	4.219533e-10	1.054006e-09	2.397009e+00	2.706897e+02
5.380000e-06	3.922886e-10	1.031839e-09	2.228480e+00	2.649958e+02
5.390000e-06	3.625667e-10	1.009566e-09	2.059625e+00	2.592291e+02
5.400000e-06	3.327956e-10	9.873536e-10	1.890490e+00	2.533888e+02
5.410000e-06	3.029819e-10	9.649395e-10	1.721113e+00	2.474741e+02
5.420000e-06	2.731289e-10	9.419184e-10	1.551513e+00	2.414843e+02
5.430000e-06	2.432410e-10	9.182293e-10	1.381717e+00	2.354188e+02
5.440000e-06	2.133271e-10	8.940514e-10	1.211771e+00	2.292771e+02
5.450000e-06	1.833965e-10	8.697038e-10	1.041729e+00	2.230588e+02
5.460000e-06	1.534486e-10	8.451989e-10	8.715892e-01	2.167633e+02
5.470000e-06	1.234823e-10	8.206203e-10	7.013457e-01	2.103904e+02
5.480000e-06	9.349850e-11	7.959251e-10	5.310014e-01	2.039395e+02
5.490000e-06	6.349705e-11	7.705603e-10	3.605569e-01	1.974106e+02
5.500000e-06	3.348362e-11	7.443192e-10	1.900454e-01	1.908033e+02
5.510000e-06	3.457788e-12	7.177586e-10	1.946230e-02	1.841176e+02
5.520000e-06	-2.657215e-11	6.913434e-10	-1.511438e-01	1.773539e+02
5.530000e-06	-5.659748e-11	6.647089e-10	-3.217227e-01	1.705126e+02
5.540000e-06	-8.660890e-11	6.376856e-10	-4.922223e-01	1.635946e+02
5.550000e-06	-1.165983e-10	6.104763e-10	-6.625972e-01	1.566012e+02
5.560000e-06	-1.465644e-10	5.832094e-10	-8.328409e-01	1.495343e+02
5.570000e-06	-1.765029e-10	5.554798e-10	-1.002929e+00	1.423961e+02
5.580000e-06	-2.064050e-10	5.269723e-10	-1.172810e+00	1.351893e+02
5.590000e-06	-2.362652e-10	4.979350e-10	-1.342452e+00	1.279174e+02
5.600000e-06	-2.660889e-10	4.689486e-10	-1.511886e+00	1.205841e+02
5.610000e-06	-2.958753e-10	4.405965e-10	-1.681107e+00	1.131935e+02
5.620000e-06	-3.256192e-10	4.122008e-10	-1.850087e+00	1.057502e+02
5.630000e-06	-3.553188e-10	3.828706e-10	-2.018817e+00	9.825886e+01
5.640000e-06	-3.849709e-10	3.529346e-10	-2.187279e+00	9.072429e+01
5.650000e-06	-4.145740e-10	3.230547e-10	-2.355462e+00	8.315131e+01
5.660000e-06	-4.441198e-10	2.934216e-10	-2.523318e+00	7.554461e+01
5.670000e-06	-4.735957e-10	2.637866e-10	-2.690777e+00	6.790866e+01
5.680000e-06	-5.029973e-10	2.338491e-10	-2.857815e+00	6.024758e+01
5.690000e-06	-5.323273e-10	2.038791e-10	-3.024446e+00	5.256516e+01
5.700000e-06	-5.615785e-10	1.741072e-10	-3.190629e+00	4.486473e+01
5.710000e-06	-5.907382e-10	1.443275e-10	-3.356290e+00	3.714918e+01
5.720000e-06	-6.198110e-10	1.140954e-10	-3.521454e+00	2.942101e+01
5.730000e-06	-6.487976e-10	8.324214e-11	-3.686130e+00	2.168228e+01
5.740000e-06	-6.776967e-10	5.222242e-11	-3.850309e+00	1.393477e+01
5.750000e-06	-7.065110e-10	2.147078e-11	-4.014006e+00	6.180012e+00
5.760000e-06	-7.352417e-10	-8.570152e-12	-4.177229e+00	-1.580638e+00
5.770000e-06	-7.638882e-10	-3.827477e-11	-4.339973e+00	-9.345860e+00
5.780000e-06	-7.924526e-10	-6.876361e-11	-4.502249e+00	-1.711430e+01
5.790000e-06	-8.209432e-10	-9.992479e-11	-4.664104e+00	-2.488449e+01
5.800000e-06	-8.493609e-10	-1.306431e-10	-4.825545e+00	-3.265475e+01
5.810000e-06	-8.777051e-10	-1.605518e-10	-4.986568e+00	-4.042316e+01
5.820000e-06	-9.059764e-10	-1.904860e-10	-5.147177e+00	-4.818754e+01
5.830000e-06	-9.341742e-10	-2.212703e-10	-5.307369e+00	-5.594541e+01
5.840000e-06	-9.623071e-10	-2.525010e-10	-5.467192e+00	-6.369404e+01
5.850000e-06	-9.903813e-10	-2.829704e-10	-5.626682e+00	-7.143045e+01
5.860000e-06	-1.018403e-09	-3.124436e-10	-5.785869e+00	-7.915153e+01
5.870000e-06	-1.046379e-09	-3.419508e-10	-5.944801e+00	-8.685404e+01
5.880000e-06	-1.074316e-09	-3.721528e-10	-6.103508e+00	-9.453471e+01
5.890000e-06	-1.102219e-09	-4.024250e-10	-6.262019e+00	-1.021903e+02
5.900000e-06	-1.130091e-09	-4.319059e-10	-6.420354e+00	-1.098179e+02
5.910000e-06	-1.157933e-09	-4.609543e-10	-6.578520e+00	-1.174144e+02
5.920000e-06	-1.185745e-09	-4.904479e-10	-6.736517e+00	-1.249772e+02
5.930000e-06	-1.213529e-09	-5.206738e-10	-6.894355e+00	-1.325041e+02
5.940000e-06	-1.241282e-09	-5.507442e-10	-7.052014e+00	-1.399929e+02
5.950000e-06	-1.268997e-09	-5.794959e-10	-7.209461e+00	-1.474418e+02
5.960000e-06	-1.296670e-09	-6.076059e-10	-7.366667e+00	-1.548494e+02
5.970000e-06	-1.324290e-09	-6.364382e-10	-7.523575e+00	-1.622145e+02
5.980000e-06	-1.351846e-09	-6.658527e-10	-7.680118e+00	-1.695361e+02
5.990000e-06	-1.379326e-09	-6.949314e-10	-7.836233e+00	-1.768133e+02
6.000000e-06	-1.406719e-09	-7.234853e-10	-7.991850e+00	-1.840454e+02
6.010000e-06	-1.434013e-09	-7.516757e-10	-8.146907e+00	-1.912316e+02
6.020000e-06	-1.461196e-09	-7.797445e-10	-8.301336e+00	-1.983714e+02
6.030000e-06	-1.488258e-09	-8.076528e-10	-8.455078e+00	-2.054640e+02
6.040000e-06	-1.515191e-09	-8.349038e-10	-8.608084e+00	-2.125086e+02
6.050000e-06	-1.541988e-09	-8.616198e-10	-8.760318e+00	-2.195043e+02
6.060000e-06	-1.568648e-09	-8.886808e-10	-8.911774e+00	-2.264503e+02
6.070000e-06	-1.595173e-09	-9.164259e-10	-9.062460e+00	-2.333453e+02
6.080000e-06	-1.621564e-09	-9.440378e-10	-9.212391e+00	-2.401883e+02
6.090000e-06	-1.647824e-09	-9.707854e-10	-9.361573e+00	-2.469780e+02
6.100000e-06	-1.673962e-09	-9.968398e-10	-9.510059e+00	-2.537131e+02
6.110000e-06	-1.699982e-09	-1.022766e-09	-9.657881e+00	-2.603923e+02
6.120000e-06	-1.725891e-09	-1.048596e-09	-9.805068e+00	-2.670142e+02
6.130000e-06	-1.751694e-09	-1.074412e-09	-9.951650e+00	-2.735775e+02
6.140000e-06	-1.777389e-09	-1.100174e-09	-1.009763e+01	-2.800809e+02
6.150000e-06	-1.802973e-09	-1.125250e-09	-1.024297e+01	-2.865234e+02
6.160000e-06	-1.828434e-09	-1.149808e-09	-1.038761e+01	-2.929036e+02
6.170000e-06	-1.853764e-09	-1.174589e-09	-1.053151e+01	-2.992206e+02
6.180000e-06	-1.878947e-09	-1.199291e-09	-1.067457e+01	-3.054735e+02
6.190000e-06	-1.903973e-09	-1.223404e-09	-1.081675e+01	-3.116613e+02
6.200000e-06	-1.928841e-09	-1.247078e-09	-1.095802e+01	-3.177833e+02
6.210000e-06	-1.953543e-09	-1.270433e-09	-1.109835e+01	-3.238388e+02
6.220000e-06	-1.978077e-09	-1.293516e-09	-1.123773e+01	-3.298273e+02
6.230000e-06	-2.002458e-09	-1.316367e-09	-1.137624e+01	-3.357483e+02
6.240000e-06	-2.026698e-09	-1.338999e-09	-1.151394e+01	-3.416013e+02
6.250000e-06	-2.050815e-09	-1.361346e-09	-1.165095e+01	-3.473861e+02
6.260000e-06	-2.074834e-09	-1.383490e-09	-1.178740e+01	-3.531025e+02
6.270000e-06	-2.098767e-09	-1.405581e-09	-1.192336e+01	-3.587503e+02
6.280000e-06	-2.122633e-09	-1.427448e-09	-1.205894e+01	-3.643296e+02
6.290000e-06	-2.146437e-09	-1.448993e-09	-1.219417e+01	-3.698404e+02
6.300000e-06	-2.170179e-09	-1.470161e-09	-1.232904e+01	-3.752828e+02
6.310000e-06	-2.193848e-09	-1.490888e-09	-1.246350e+01	-3.806570e+02
6.320000e-06	-2.217425e-09	-1.511203e-09	-1.259744e+01	-3.859632e+02
6.330000e-06	-2.240889e-09	-1.531171e-09	-1.273074e+01	-3.912017e+02
6.340000e-06	-2.264208e-09	-1.550947e-09	-1.286321e+01	-3.963728e+02
6.350000e-06	-2.287348e-09	-1.570641e-09	-1.299467e+01	-4.014765e+02
6.360000e-06	-2.310278e-09	-1.590197e-09	-1.312493e+01	-4.065130e+02
6.370000e-06	-2.332967e-09	-1.609492e-09	-1.325384e+01	-4.114824e+02
6.380000e-06	-2.355389e-09	-1.628693e-09	-1.338122e+01	-4.163845e+02
6.390000e-06	-2.377515e-09	-1.647612e-09	-1.350691e+01	-4.212192e+02
6.400000e-06	-2.399323e-09	-1.665828e-09	-1.363081e+01	-4.259860e+02
6.410000e-06	-2.420808e-09	-1.683570e-09	-1.375287e+01	-4.306846e+02
6.420000e-06	-2.441979e-09	-1.701707e-09	-1.387315e+01	-4.353143e+02
6.430000e-06	-2.462860e-09	-1.720181e-09	-1.399177e+01	-4.398745e+02
6.440000e-06	-2.483477e-09	-1.738053e-09	-1.410889e+01	-4.443643e+02
6.450000e-06	-2.503867e-09	-1.755148e-09	-1.422473e+01	-4.487832e+02
6.460000e-06	-2.524073e-09	-1.771788e-09	-1.433951e+01	-4.531303e+02
6.470000e-06	-2.544136e-09	-1.788203e-09	-1.445349e+01	-4.574051e+02
6.480000e-06	-2.564091e-09	-1.804617e-09	-1.456685e+01	-4.616070e+02
6.490000e-06	-2.583958e-09	-1.821243e-09	-1.467971e+01	-4.657357e+02
6.500000e-06	-2.603748e-09	-1.837651e-09	-1.479213e+01	-4.697910e+02
6.510000e-06	-2.623452e-09	-1.853420e-09	-1.490407e+01	-4.737731e+02
6.520000e-06	-2.643050e-09	-1.868776e-09	-1.501541e+01	-4.776823e+02
6.530000e-06	-2.662510e-09	-1.883796e-09	-1.512596e+01	-4.815190e+02
6.540000e-06	-2.681801e-09	-1.898384e-09	-1.523554e+01	-4.852840e+02
6.550000e-06	-2.700892e-09	-1.912513e-09	-1.534400e+01	-4.889784e+02
6.560000e-06	-2.719768e-09	-1.926540e-09	-1.545124e+01	-4.926031e+02
6.570000e-06	-2.738422e-09	-1.940904e-09	-1.555721e+01	-4.961593e+02
6.580000e-06	-2.756858e-09	-1.955205e-09	-1.566194e+01	-4.996484e+02
6.590000e-06	-2.775099e-09	-1.969010e-09	-1.576557e+01	-5.030717e+02
6.600000e-06	-2.793167e-09	-1.982219e-09	-1.586821e+01	-5.064305e+02
6.610000e-06	-2.811079e-09	-1.994605e-09	-1.596996e+01	-5.097260e+02
6.620000e-06	-2.828839e-09	-2.006618e-09	-1.607085e+01	-5.129595e+02
6.630000e-06	-2.846436e-09	-2.019061e-09	-1.617082e+01	-5.161321e+02
6.640000e-06	-2.863849e-09	-2.031792e-09	-1.626974e+01	-5.192449e+02
6.650000e-06	-2.881050e-09	-2.044016e-09	-1.636746e+01	-5.222991e+02
6.660000e-06	-2.898021e-09	-2.055656e-09	-1.646388e+01	-5.252955e+02
6.670000e-06	-2.914759e-09	-2.067107e-09	-1.655896e+01	-5.282351e+02
6.680000e-06	-2.931269e-09	-2.078466e-09	-1.665275e+01	-5.311192e+02
6.690000e-06	-2.947575e-09	-2.089410e-09	-1.674539e+01	-5.339486e+02
6.700000e-06	-2.963711e-09	-2.099625e-09	-1.683705e+01	-5.367246e+02
6.710000e-06	-2.979706e-09	-2.109572e-09	-1.692792e+01	-5.394485e+02
6.720000e-06	-2.995587e-09	-2.119926e-09	-1.701813e+01	-5.421215e+02
6.730000e-06	-3.011357e-09	-2.130360e-09	-1.710772e+01	-5.447450e+02
6.740000e-06	-3.026998e-09	-2.140290e-09	-1.719657e+01	-5.473206e+02
6.750000e-06	-3.042465e-09	-2.149947e-09	-1.728444e+01	-5.498499e+02
6.760000e-06	-3.057696e-09	-2.159479e-09	-1.737097e+01	-5.523343e+02
6.770000e-06	-3.072625e-09	-2.168675e-09	-1.745578e+01	-5.547753e+02
6.780000e-06	-3.087191e-09	-2.177661e-09	-1.753853e+01	-5.571745e+02
6.790000e-06	-3.101357e-09	-2.186661e-09	-1.761901e+01	-5.595332e+02
6.800000e-06	-3.115113e-09	-2.195535e-09	-1.769716e+01	-5.618526e+02
6.810000e-06	-3.128474e-09	-2.204255e-09	-1.777307e+01	-5.641336e+02
6.820000e-06	-3.141468e-09	-2.213054e-09	-1.784689e+01	-5.663771e+02
6.830000e-06	-3.154144e-09	-2.221739e-09	-1.791890e+01	-5.685837e+02
6.840000e-06	-3.166552e-09	-2.229869e-09	-1.798939e+01	-5.707537e+02
6.850000e-06	-3.178738e-09	-2.237546e-09	-1.805861e+01	-5.728874e+02
6.860000e-06	-3.190730e-09	-2.245251e-09	-1.812674e+01	-5.749848e+02
6.870000e-06	-3.202539e-09	-2.253124e-09	-1.819382e+01	-5.770456e+02
6.880000e-06	-3.214154e-09	-2.260934e-09	-1.825980e+01	-5.790699e+02
6.890000e-06	-3.225547e-09	-2.268608e-09	-1.832453e+01	-5.810572e+02
6.900000e-06	-3.236694e-09	-2.276005e-09	-1.838785e+01	-5.830074e+02
6.910000e-06	-3.247578e-09	-2.283064e-09	-1.844968e+01	-5.849202e+02
6.920000e-06	-3.258196e-09	-2.289924e-09	-1.851001e+01	-5.867955e+02
6.930000e-06	-3.268570e-09	-2.296726e-09	-1.856894e+01	-5.886332e+02
6.940000e-06	-3.278722e-09	-2.303393e-09	-1.862661e+01	-5.904334e+02
6.950000e-06	-3.288679e-09	-2.310068e-09	-1.868317e+01	-5.921964e+02
6.960000e-06	-3.298451e-09	-2.316955e-09	-1.873869e+01	-5.939223e+02
6.970000e-06	-3.308025e-09	-2.323633e-09	-1.879307e+01	-5.956116e+02
6.980000e-06	-3.317377e-09	-2.329886e-09	-1.884620e+01	-5.972648e+02
6.990000e-06	-3.326480e-09	-2.335789e-09	-1.889791e+01	-5.988825e+02
7.000000e-06	-3.335319e-09	-2.341742e-09	-1.894813e+01	-6.004653e+02
7.010000e-06	-3.343900e-09	-2.348200e-09	-1.899688e+01	-6.020137e+02
7.020000e-06	-3.352249e-09	-2.354662e-09	-1.904431e+01	-6.035283e+02
7.030000e-06	-3.360403e-09	-2.360244e-09	-1.909063e+01	-6.050098e+02
7.040000e-06	-3.368403e-09	-2.364957e-09	-1.913607e+01	-6.064585e+02
7.050000e-06	-3.376275e-09	-2.369568e-09	-1.918079e+01	-6.078750e+02
7.060000e-06	-3.384023e-09	-2.374595e-09	-1.922480e+01	-6.092594e+02
7.070000e-06	-3.391620e-09	-2.379834e-09	-1.926795e+01	-6.106122e+02
7.080000e-06	-3.399029e-09	-2.385139e-09	-1.931004e+01	-6.119333e+02
7.090000e-06	-3.406198e-09	-2.390833e-09	-1.935077e+01	-6.132229e+02
7.100000e-06	-3.413069e-09	-2.396784e-09	-1.938980e+01	-6.144809e+02
7.110000e-06	-3.419595e-09	-2.402010e-09	-1.942687e+01	-6.157072e+02
7.120000e-06	-3.425739e-09	-2.406003e-09	-1.946178e+01	-6.169015e+02
7.130000e-06	-3.431475e-09	-2.409593e-09	-1.949437e+01	-6.180636e+02
7.140000e-06	-3.436800e-09	-2.413345e-09	-1.952462e+01	-6.191930e+02
7.150000e-06	-3.441735e-09	-2.417609e-09	-1.955265e+01	-6.202893e+02
7.160000e-06	-3.446328e-09	-2.422515e-09	-1.957875e+01	-6.213521e+02
7.170000e-06	-3.450648e-09	-2.427336e-09	-1.960329e+01	-6.223809e+02
7.180000e-06	-3.454758e-09	-2.431573e-09	-1.962664e+01	-6.233751e+02
7.190000e-06	-3.458713e-09	-2.435270e-09	-1.964910e+01	-6.243342e+02
7.200000e-06	-3.462536e-09	-2.438480e-09	-1.967082e+01	-6.252579e+02
7.210000e-06	-3.466223e-09	-2.441245e-09	-1.969176e+01	-6.261457e+02
7.220000e-06	-3.469746e-09	-2.443821e-09	-1.971177e+01	-6.269975e+02
7.230000e-06	-3.473061e-09	-2.446555e-09	-1.973060e+01	-6.278130e+02
7.240000e-06	-3.476135e-09	-2.449882e-09	-1.974806e+01	-6.285924e+02
7.250000e-06	-3.478942e-09	-2.453853e-09	-1.976401e+01	-6.293358e+02
7.260000e-06	-3.481483e-09	-2.457765e-09	-1.977845e+01	-6.300436e+02
7.270000e-06	-3.483783e-09	-2.460986e-09	-1.979151e+01	-6.307164e+02
7.280000e-06	-3.485872e-09	-2.463362e-09	-1.980337e+01	-6.313549e+02
7.290000e-06	-3.487771e-09	-2.465050e-09	-1.981416e+01	-6.319599e+02
7.300000e-06	-3.489483e-09	-2.466379e-09	-1.982388e+01	-6.325325e+02
7.310000e-06	-3.490964e-09	-2.467769e-09	-1.983229e+01	-6.330736e+02
7.320000e-06	-3.492118e-09	-2.469572e-09	-1.983885e+01	-6.335841e+02
7.330000e-06	-3.492977e-09	-2.471854e-09	-1.984373e+01	-6.340651e+02
7.340000e-06	-3.493616e-09	-2.474582e-09	-1.984736e+01	-6.345174e+02
7.350000e-06	-3.494030e-09	-2.477347e-09	-1.984970e+01	-6.349416e+02
