# Temperatura_=_1.5805929919137451
# Concentracion g/m^3_=_19900.0
# C_Vs_to_Am_M_A/Vsm_=_254322799225.57578
# pendiente_HvsI_1/m_=_3716.3
# ordenada_HvsI_A/m_=_1297.0
# frecuencia_Hz_=_135979.58721916084
# Promedio de 742 ciclos

Tiempo_(s)	Campo_(V.s)	Magnetizacion_(V.s)	Campo_(kA/m)	Magnetizacion_(A/m)
0.000000e+00	-3.499156e-09	-2.679067e-09	-1.984970e+01	-6.823748e+02
1.000000e-08	-3.499265e-09	-2.680414e-09	-1.985031e+01	-6.827826e+02
2.000000e-08	-3.499219e-09	-2.683630e-09	-1.985005e+01	-6.831605e+02
3.000000e-08	-3.499009e-09	-2.686805e-09	-1.984886e+01	-6.835085e+02
4.000000e-08	-3.498598e-09	-2.684223e-09	-1.984653e+01	-6.838260e+02
5.000000e-08	-3.497943e-09	-2.675384e-09	-1.984281e+01	-6.841128e+02
6.000000e-08	-3.497031e-09	-2.671498e-09	-1.983764e+01	-6.843682e+02
7.000000e-08	-3.495885e-09	-2.680970e-09	-1.983114e+01	-6.845916e+02
8.000000e-08	-3.494501e-09	-2.688525e-09	-1.982329e+01	-6.847822e+02
9.000000e-08	-3.492827e-09	-2.690582e-09	-1.981380e+01	-6.849393e+02
1.000000e-07	-3.490799e-09	-2.695033e-09	-1.980229e+01	-6.850625e+02
1.100000e-07	-3.488366e-09	-2.692830e-09	-1.978849e+01	-6.851513e+02
1.200000e-07	-3.485519e-09	-2.688823e-09	-1.977234e+01	-6.852056e+02
1.300000e-07	-3.482291e-09	-2.690001e-09	-1.975403e+01	-6.852255e+02
1.400000e-07	-3.478728e-09	-2.682119e-09	-1.973382e+01	-6.852112e+02
1.500000e-07	-3.474894e-09	-2.673646e-09	-1.971206e+01	-6.851634e+02
1.600000e-07	-3.470859e-09	-2.685701e-09	-1.968917e+01	-6.850830e+02
1.700000e-07	-3.466682e-09	-2.693900e-09	-1.966548e+01	-6.849710e+02
1.800000e-07	-3.462388e-09	-2.687829e-09	-1.964112e+01	-6.848285e+02
1.900000e-07	-3.457938e-09	-2.687397e-09	-1.961588e+01	-6.846569e+02
2.000000e-07	-3.453256e-09	-2.690630e-09	-1.958932e+01	-6.844572e+02
2.100000e-07	-3.448291e-09	-2.687696e-09	-1.956115e+01	-6.842306e+02
2.200000e-07	-3.443055e-09	-2.680292e-09	-1.953145e+01	-6.839778e+02
2.300000e-07	-3.437573e-09	-2.672478e-09	-1.950036e+01	-6.836996e+02
2.400000e-07	-3.431853e-09	-2.671971e-09	-1.946790e+01	-6.833962e+02
2.500000e-07	-3.425897e-09	-2.682075e-09	-1.943412e+01	-6.830675e+02
2.600000e-07	-3.419719e-09	-2.688240e-09	-1.939907e+01	-6.827131e+02
2.700000e-07	-3.413312e-09	-2.682605e-09	-1.936273e+01	-6.823324e+02
2.800000e-07	-3.406639e-09	-2.673225e-09	-1.932488e+01	-6.819244e+02
2.900000e-07	-3.399679e-09	-2.668938e-09	-1.928539e+01	-6.814880e+02
3.000000e-07	-3.392442e-09	-2.669464e-09	-1.924434e+01	-6.810219e+02
3.100000e-07	-3.384956e-09	-2.668576e-09	-1.920187e+01	-6.805251e+02
3.200000e-07	-3.377259e-09	-2.664321e-09	-1.915821e+01	-6.799962e+02
3.300000e-07	-3.369382e-09	-2.664798e-09	-1.911353e+01	-6.794345e+02
3.400000e-07	-3.361354e-09	-2.670394e-09	-1.906799e+01	-6.788393e+02
3.500000e-07	-3.353182e-09	-2.669249e-09	-1.902163e+01	-6.782101e+02
3.600000e-07	-3.344853e-09	-2.658479e-09	-1.897438e+01	-6.775470e+02
3.700000e-07	-3.336343e-09	-2.649230e-09	-1.892611e+01	-6.768502e+02
3.800000e-07	-3.327608e-09	-2.648032e-09	-1.887655e+01	-6.761203e+02
3.900000e-07	-3.318593e-09	-2.650070e-09	-1.882541e+01	-6.753583e+02
4.000000e-07	-3.309250e-09	-2.649170e-09	-1.877242e+01	-6.745650e+02
4.100000e-07	-3.299534e-09	-2.646019e-09	-1.871730e+01	-6.737418e+02
4.200000e-07	-3.289401e-09	-2.644180e-09	-1.865982e+01	-6.728898e+02
4.300000e-07	-3.278837e-09	-2.642097e-09	-1.859989e+01	-6.720102e+02
4.400000e-07	-3.267857e-09	-2.635681e-09	-1.853761e+01	-6.711040e+02
4.500000e-07	-3.256508e-09	-2.627440e-09	-1.847323e+01	-6.701721e+02
4.600000e-07	-3.244867e-09	-2.623321e-09	-1.840719e+01	-6.692149e+02
4.700000e-07	-3.233003e-09	-2.623220e-09	-1.833989e+01	-6.682330e+02
4.800000e-07	-3.220953e-09	-2.622617e-09	-1.827153e+01	-6.672264e+02
4.900000e-07	-3.208721e-09	-2.619659e-09	-1.820214e+01	-6.661948e+02
5.000000e-07	-3.196288e-09	-2.614970e-09	-1.813161e+01	-6.651380e+02
5.100000e-07	-3.183618e-09	-2.608705e-09	-1.805974e+01	-6.640553e+02
5.200000e-07	-3.170683e-09	-2.602050e-09	-1.798637e+01	-6.629460e+02
5.300000e-07	-3.157479e-09	-2.597064e-09	-1.791147e+01	-6.618095e+02
5.400000e-07	-3.144023e-09	-2.593460e-09	-1.783513e+01	-6.606449e+02
5.500000e-07	-3.130333e-09	-2.589428e-09	-1.775747e+01	-6.594516e+02
5.600000e-07	-3.116426e-09	-2.586141e-09	-1.767858e+01	-6.582289e+02
5.700000e-07	-3.102304e-09	-2.583860e-09	-1.759847e+01	-6.569765e+02
5.800000e-07	-3.087948e-09	-2.578712e-09	-1.751703e+01	-6.556939e+02
5.900000e-07	-3.073316e-09	-2.570197e-09	-1.743403e+01	-6.543810e+02
6.000000e-07	-3.058371e-09	-2.563213e-09	-1.734925e+01	-6.530379e+02
6.100000e-07	-3.043089e-09	-2.558751e-09	-1.726256e+01	-6.516647e+02
6.200000e-07	-3.027462e-09	-2.554014e-09	-1.717392e+01	-6.502616e+02
6.300000e-07	-3.011503e-09	-2.549301e-09	-1.708338e+01	-6.488290e+02
6.400000e-07	-2.995238e-09	-2.545986e-09	-1.699112e+01	-6.473673e+02
6.500000e-07	-2.978695e-09	-2.540979e-09	-1.689727e+01	-6.458770e+02
6.600000e-07	-2.961901e-09	-2.532594e-09	-1.680201e+01	-6.443583e+02
6.700000e-07	-2.944889e-09	-2.524478e-09	-1.670550e+01	-6.428117e+02
6.800000e-07	-2.927688e-09	-2.518643e-09	-1.660792e+01	-6.412374e+02
6.900000e-07	-2.910318e-09	-2.512998e-09	-1.650939e+01	-6.396355e+02
7.000000e-07	-2.892796e-09	-2.506990e-09	-1.640999e+01	-6.380061e+02
7.100000e-07	-2.875131e-09	-2.501660e-09	-1.630978e+01	-6.363491e+02
7.200000e-07	-2.857325e-09	-2.496019e-09	-1.620878e+01	-6.346643e+02
7.300000e-07	-2.839364e-09	-2.488873e-09	-1.610689e+01	-6.329514e+02
7.400000e-07	-2.821221e-09	-2.481262e-09	-1.600397e+01	-6.312098e+02
7.500000e-07	-2.802874e-09	-2.473616e-09	-1.589990e+01	-6.294392e+02
7.600000e-07	-2.784307e-09	-2.465394e-09	-1.579457e+01	-6.276388e+02
7.700000e-07	-2.765502e-09	-2.458145e-09	-1.568789e+01	-6.258080e+02
7.800000e-07	-2.746454e-09	-2.452734e-09	-1.557984e+01	-6.239464e+02
7.900000e-07	-2.727170e-09	-2.446908e-09	-1.547044e+01	-6.220532e+02
8.000000e-07	-2.707671e-09	-2.439212e-09	-1.535984e+01	-6.201279e+02
8.100000e-07	-2.687985e-09	-2.430821e-09	-1.524816e+01	-6.181703e+02
8.200000e-07	-2.668143e-09	-2.422491e-09	-1.513560e+01	-6.161801e+02
8.300000e-07	-2.648175e-09	-2.413849e-09	-1.502233e+01	-6.141571e+02
8.400000e-07	-2.628114e-09	-2.405406e-09	-1.490853e+01	-6.121017e+02
8.500000e-07	-2.607977e-09	-2.397890e-09	-1.479430e+01	-6.100140e+02
8.600000e-07	-2.587768e-09	-2.390419e-09	-1.467966e+01	-6.078947e+02
8.700000e-07	-2.567467e-09	-2.382425e-09	-1.456450e+01	-6.057444e+02
8.800000e-07	-2.547049e-09	-2.374253e-09	-1.444867e+01	-6.035640e+02
8.900000e-07	-2.526479e-09	-2.365476e-09	-1.433198e+01	-6.013544e+02
9.000000e-07	-2.505724e-09	-2.355809e-09	-1.421425e+01	-5.991166e+02
9.100000e-07	-2.484763e-09	-2.346258e-09	-1.409534e+01	-5.968515e+02
9.200000e-07	-2.463589e-09	-2.337198e-09	-1.397523e+01	-5.945600e+02
9.300000e-07	-2.442212e-09	-2.328471e-09	-1.385396e+01	-5.922427e+02
9.400000e-07	-2.420647e-09	-2.320324e-09	-1.373163e+01	-5.899002e+02
9.500000e-07	-2.398915e-09	-2.311961e-09	-1.360835e+01	-5.875325e+02
9.600000e-07	-2.377029e-09	-2.302499e-09	-1.348420e+01	-5.851395e+02
9.700000e-07	-2.354996e-09	-2.292651e-09	-1.335921e+01	-5.827209e+02
9.800000e-07	-2.332821e-09	-2.283150e-09	-1.323342e+01	-5.802758e+02
9.900000e-07	-2.310493e-09	-2.273657e-09	-1.310676e+01	-5.778030e+02
1.000000e-06	-2.288005e-09	-2.264005e-09	-1.297919e+01	-5.753014e+02
1.010000e-06	-2.265352e-09	-2.254561e-09	-1.285068e+01	-5.727693e+02
1.020000e-06	-2.242526e-09	-2.244805e-09	-1.272120e+01	-5.702052e+02
1.030000e-06	-2.219523e-09	-2.234601e-09	-1.259071e+01	-5.676073e+02
1.040000e-06	-2.196337e-09	-2.224624e-09	-1.245919e+01	-5.649740e+02
1.050000e-06	-2.172978e-09	-2.214778e-09	-1.232668e+01	-5.623040e+02
1.060000e-06	-2.149455e-09	-2.204290e-09	-1.219324e+01	-5.595960e+02
1.070000e-06	-2.125779e-09	-2.193450e-09	-1.205893e+01	-5.568490e+02
1.080000e-06	-2.101968e-09	-2.183307e-09	-1.192386e+01	-5.540626e+02
1.090000e-06	-2.078042e-09	-2.173389e-09	-1.178813e+01	-5.512364e+02
1.100000e-06	-2.054022e-09	-2.162764e-09	-1.165187e+01	-5.483705e+02
1.110000e-06	-2.029922e-09	-2.151255e-09	-1.151516e+01	-5.454653e+02
1.120000e-06	-2.005742e-09	-2.139062e-09	-1.137800e+01	-5.425214e+02
1.130000e-06	-1.981480e-09	-2.126964e-09	-1.124036e+01	-5.395396e+02
1.140000e-06	-1.957120e-09	-2.115627e-09	-1.110218e+01	-5.365210e+02
1.150000e-06	-1.932644e-09	-2.104524e-09	-1.096333e+01	-5.334664e+02
1.160000e-06	-1.908040e-09	-2.093215e-09	-1.082376e+01	-5.303766e+02
1.170000e-06	-1.883294e-09	-2.081638e-09	-1.068338e+01	-5.272526e+02
1.180000e-06	-1.858391e-09	-2.069545e-09	-1.054212e+01	-5.240947e+02
1.190000e-06	-1.833316e-09	-2.056991e-09	-1.039987e+01	-5.209032e+02
1.200000e-06	-1.808065e-09	-2.044159e-09	-1.025663e+01	-5.176783e+02
1.210000e-06	-1.782631e-09	-2.031102e-09	-1.011235e+01	-5.144194e+02
1.220000e-06	-1.756987e-09	-2.018120e-09	-9.966881e+00	-5.111262e+02
1.230000e-06	-1.731113e-09	-2.005557e-09	-9.820102e+00	-5.077977e+02
1.240000e-06	-1.705009e-09	-1.993036e-09	-9.672022e+00	-5.044327e+02
1.250000e-06	-1.678674e-09	-1.980044e-09	-9.522633e+00	-5.010302e+02
1.260000e-06	-1.652106e-09	-1.966231e-09	-9.371923e+00	-4.975885e+02
1.270000e-06	-1.625317e-09	-1.951797e-09	-9.219954e+00	-4.941063e+02
1.280000e-06	-1.598314e-09	-1.937548e-09	-9.066774e+00	-4.905821e+02
1.290000e-06	-1.571112e-09	-1.923666e-09	-8.912467e+00	-4.870142e+02
1.300000e-06	-1.543738e-09	-1.909850e-09	-8.757184e+00	-4.834013e+02
1.310000e-06	-1.516217e-09	-1.895667e-09	-8.601063e+00	-4.797421e+02
1.320000e-06	-1.488570e-09	-1.881288e-09	-8.444231e+00	-4.760351e+02
1.330000e-06	-1.460817e-09	-1.867003e-09	-8.286796e+00	-4.722794e+02
1.340000e-06	-1.432976e-09	-1.852309e-09	-8.128859e+00	-4.684738e+02
1.350000e-06	-1.405061e-09	-1.836984e-09	-7.970508e+00	-4.646176e+02
1.360000e-06	-1.377086e-09	-1.821315e-09	-7.811813e+00	-4.607098e+02
1.370000e-06	-1.349061e-09	-1.805509e-09	-7.652836e+00	-4.567500e+02
1.380000e-06	-1.320997e-09	-1.789915e-09	-7.493634e+00	-4.527377e+02
1.390000e-06	-1.292897e-09	-1.774614e-09	-7.334233e+00	-4.486723e+02
1.400000e-06	-1.264765e-09	-1.759048e-09	-7.174648e+00	-4.445538e+02
1.410000e-06	-1.236602e-09	-1.742684e-09	-7.014889e+00	-4.403819e+02
1.420000e-06	-1.208405e-09	-1.725654e-09	-6.854935e+00	-4.361567e+02
1.430000e-06	-1.180171e-09	-1.708591e-09	-6.694770e+00	-4.318780e+02
1.440000e-06	-1.151898e-09	-1.691494e-09	-6.534384e+00	-4.275460e+02
1.450000e-06	-1.123584e-09	-1.674024e-09	-6.373767e+00	-4.231608e+02
1.460000e-06	-1.095223e-09	-1.656359e-09	-6.212882e+00	-4.187223e+02
1.470000e-06	-1.066809e-09	-1.638671e-09	-6.051700e+00	-4.142308e+02
1.480000e-06	-1.038342e-09	-1.621051e-09	-5.890216e+00	-4.096859e+02
1.490000e-06	-1.009817e-09	-1.603681e-09	-5.728403e+00	-4.050876e+02
1.500000e-06	-9.812299e-10	-1.585845e-09	-5.566234e+00	-4.004354e+02
1.510000e-06	-9.525721e-10	-1.567002e-09	-5.403667e+00	-3.957287e+02
1.520000e-06	-9.238383e-10	-1.547725e-09	-5.240669e+00	-3.909666e+02
1.530000e-06	-8.950232e-10	-1.528580e-09	-5.077209e+00	-3.861481e+02
1.540000e-06	-8.661271e-10	-1.509379e-09	-4.913290e+00	-3.812718e+02
1.550000e-06	-8.371534e-10	-1.489788e-09	-4.748930e+00	-3.763363e+02
1.560000e-06	-8.081019e-10	-1.469810e-09	-4.584130e+00	-3.713398e+02
1.570000e-06	-7.789773e-10	-1.449492e-09	-4.418915e+00	-3.662805e+02
1.580000e-06	-7.497864e-10	-1.429347e-09	-4.253323e+00	-3.611567e+02
1.590000e-06	-7.205266e-10	-1.409465e-09	-4.087341e+00	-3.559664e+02
1.600000e-06	-6.911973e-10	-1.388722e-09	-3.920964e+00	-3.507080e+02
1.610000e-06	-6.618095e-10	-1.366584e-09	-3.754256e+00	-3.453799e+02
1.620000e-06	-6.323687e-10	-1.344127e-09	-3.587247e+00	-3.399806e+02
1.630000e-06	-6.028793e-10	-1.322223e-09	-3.419962e+00	-3.345090e+02
1.640000e-06	-5.733435e-10	-1.300819e-09	-3.252414e+00	-3.289642e+02
1.650000e-06	-5.437618e-10	-1.279415e-09	-3.084606e+00	-3.233455e+02
1.660000e-06	-5.141365e-10	-1.257073e-09	-2.916550e+00	-3.176525e+02
1.670000e-06	-4.844698e-10	-1.233727e-09	-2.748259e+00	-3.118847e+02
1.680000e-06	-4.547647e-10	-1.210167e-09	-2.579751e+00	-3.060422e+02
1.690000e-06	-4.250201e-10	-1.186473e-09	-2.411018e+00	-3.001246e+02
1.700000e-06	-3.952421e-10	-1.162084e-09	-2.242096e+00	-2.941319e+02
1.710000e-06	-3.654358e-10	-1.137152e-09	-2.073014e+00	-2.880639e+02
1.720000e-06	-3.356041e-10	-1.112512e-09	-1.903787e+00	-2.819201e+02
1.730000e-06	-3.057537e-10	-1.088428e-09	-1.734454e+00	-2.757001e+02
1.740000e-06	-2.758882e-10	-1.064516e-09	-1.565036e+00	-2.694031e+02
1.750000e-06	-2.460096e-10	-1.039650e-09	-1.395543e+00	-2.630282e+02
1.760000e-06	-2.161192e-10	-1.013355e-09	-1.225984e+00	-2.565745e+02
1.770000e-06	-1.862201e-10	-9.867660e-10	-1.056375e+00	-2.500406e+02
1.780000e-06	-1.563130e-10	-9.607662e-10	-8.867201e-01	-2.434256e+02
1.790000e-06	-1.263986e-10	-9.348518e-10	-7.170246e-01	-2.367283e+02
1.800000e-06	-9.648058e-11	-9.082892e-10	-5.473083e-01	-2.299478e+02
1.810000e-06	-6.655596e-11	-8.814572e-10	-3.775545e-01	-2.230834e+02
1.820000e-06	-3.662180e-11	-8.545714e-10	-2.077467e-01	-2.161347e+02
1.830000e-06	-6.682610e-12	-8.271063e-10	-3.791030e-02	-2.091018e+02
1.840000e-06	2.325583e-11	-7.989375e-10	1.319218e-01	-2.019851e+02
1.850000e-06	5.319136e-11	-7.702919e-10	3.017375e-01	-1.947857e+02
1.860000e-06	8.312132e-11	-7.409743e-10	4.715215e-01	-1.875050e+02
1.870000e-06	1.130422e-10	-7.113909e-10	6.412540e-01	-1.801449e+02
1.880000e-06	1.429550e-10	-6.824908e-10	8.109404e-01	-1.727077e+02
1.890000e-06	1.728558e-10	-6.536986e-10	9.805590e-01	-1.651963e+02
1.900000e-06	2.027415e-10	-6.238758e-10	1.150092e+00	-1.576137e+02
1.910000e-06	2.326124e-10	-5.934116e-10	1.319541e+00	-1.499631e+02
1.920000e-06	2.624672e-10	-5.631561e-10	1.488899e+00	-1.422481e+02
1.930000e-06	2.923042e-10	-5.329740e-10	1.658156e+00	-1.344722e+02
1.940000e-06	3.221234e-10	-5.025309e-10	1.827311e+00	-1.266390e+02
1.950000e-06	3.519240e-10	-4.715911e-10	1.996362e+00	-1.187521e+02
1.960000e-06	3.817016e-10	-4.398816e-10	2.165281e+00	-1.108150e+02
1.970000e-06	4.114519e-10	-4.079500e-10	2.334046e+00	-1.028313e+02
1.980000e-06	4.411753e-10	-3.764268e-10	2.502658e+00	-9.480435e+01
1.990000e-06	4.708713e-10	-3.449660e-10	2.671115e+00	-8.673741e+01
2.000000e-06	5.005280e-10	-3.130835e-10	2.839349e+00	-7.863372e+01
2.010000e-06	5.301381e-10	-2.809603e-10	3.007318e+00	-7.049638e+01
2.020000e-06	5.596988e-10	-2.488806e-10	3.175008e+00	-6.232843e+01
2.030000e-06	5.892070e-10	-2.166295e-10	3.342399e+00	-5.413282e+01
2.040000e-06	6.186628e-10	-1.841736e-10	3.509493e+00	-4.591240e+01
2.050000e-06	6.480603e-10	-1.516833e-10	3.676256e+00	-3.766994e+01
2.060000e-06	6.774004e-10	-1.188030e-10	3.842695e+00	-2.940811e+01
2.070000e-06	7.066825e-10	-8.539547e-11	4.008803e+00	-2.112947e+01
2.080000e-06	7.359003e-10	-5.213164e-11	4.174547e+00	-1.283648e+01
2.090000e-06	7.650518e-10	-1.961039e-11	4.339915e+00	-4.531470e+00
2.100000e-06	7.941353e-10	1.271244e-11	4.504897e+00	3.783322e+00
2.110000e-06	8.231497e-10	4.559871e-11	4.669487e+00	1.210576e+01
2.120000e-06	8.520903e-10	7.889360e-11	4.833659e+00	2.043378e+01
2.130000e-06	8.809544e-10	1.121269e-10	4.997396e+00	2.876537e+01
2.140000e-06	9.097432e-10	1.451438e-10	5.160707e+00	3.709852e+01
2.150000e-06	9.384562e-10	1.780605e-10	5.323588e+00	4.543119e+01
2.160000e-06	9.670927e-10	2.108260e-10	5.486034e+00	5.376128e+01
2.170000e-06	9.956567e-10	2.434686e-10	5.648069e+00	6.208657e+01
2.180000e-06	1.024155e-09	2.762694e-10	5.809733e+00	7.040474e+01
2.190000e-06	1.052594e-09	3.091418e-10	5.971060e+00	7.871329e+01
2.200000e-06	1.080982e-09	3.420575e-10	6.132093e+00	8.700960e+01
2.210000e-06	1.109321e-09	3.753726e-10	6.292856e+00	9.529094e+01
2.220000e-06	1.137617e-09	4.086536e-10	6.453370e+00	1.035545e+02
2.230000e-06	1.165874e-09	4.410318e-10	6.613665e+00	1.117973e+02
2.240000e-06	1.194098e-09	4.725582e-10	6.773771e+00	1.200165e+02
2.250000e-06	1.222291e-09	5.041369e-10	6.933702e+00	1.282095e+02
2.260000e-06	1.250455e-09	5.361080e-10	7.093465e+00	1.363735e+02
2.270000e-06	1.278589e-09	5.686261e-10	7.253066e+00	1.445061e+02
2.280000e-06	1.306696e-09	6.013786e-10	7.412505e+00	1.526052e+02
2.290000e-06	1.334767e-09	6.333918e-10	7.571747e+00	1.606689e+02
2.300000e-06	1.362799e-09	6.647931e-10	7.730762e+00	1.686957e+02
2.310000e-06	1.390782e-09	6.960108e-10	7.889501e+00	1.766842e+02
2.320000e-06	1.418704e-09	7.269402e-10	8.047897e+00	1.846336e+02
2.330000e-06	1.446555e-09	7.576194e-10	8.205886e+00	1.925428e+02
2.340000e-06	1.474316e-09	7.882140e-10	8.363368e+00	2.004113e+02
2.350000e-06	1.501967e-09	8.186677e-10	8.520220e+00	2.082382e+02
2.360000e-06	1.529489e-09	8.490166e-10	8.676349e+00	2.160230e+02
2.370000e-06	1.556861e-09	8.794126e-10	8.831618e+00	2.237646e+02
2.380000e-06	1.584055e-09	9.095749e-10	8.985882e+00	2.314621e+02
2.390000e-06	1.611057e-09	9.393369e-10	9.139056e+00	2.391140e+02
2.400000e-06	1.637842e-09	9.690668e-10	9.291003e+00	2.467187e+02
2.410000e-06	1.664396e-09	9.988278e-10	9.441636e+00	2.542743e+02
2.420000e-06	1.690710e-09	1.028325e-09	9.590905e+00	2.617787e+02
2.430000e-06	1.716774e-09	1.057632e-09	9.738761e+00	2.692292e+02
2.440000e-06	1.742599e-09	1.086786e-09	9.885258e+00	2.766235e+02
2.450000e-06	1.768195e-09	1.115657e-09	1.003046e+01	2.839588e+02
2.460000e-06	1.793578e-09	1.144250e-09	1.017445e+01	2.912325e+02
2.470000e-06	1.818761e-09	1.172546e-09	1.031730e+01	2.984421e+02
2.480000e-06	1.843758e-09	1.200543e-09	1.045910e+01	3.055852e+02
2.490000e-06	1.868587e-09	1.228312e-09	1.059995e+01	3.126597e+02
2.500000e-06	1.893265e-09	1.255911e-09	1.073994e+01	3.196639e+02
2.510000e-06	1.917813e-09	1.283294e-09	1.087920e+01	3.265962e+02
2.520000e-06	1.942249e-09	1.310249e-09	1.101782e+01	3.334554e+02
2.530000e-06	1.966587e-09	1.336554e-09	1.115587e+01	3.402406e+02
2.540000e-06	1.990835e-09	1.362534e-09	1.129343e+01	3.469511e+02
2.550000e-06	2.015002e-09	1.388618e-09	1.143052e+01	3.535863e+02
2.560000e-06	2.039088e-09	1.414897e-09	1.156715e+01	3.601458e+02
2.570000e-06	2.063082e-09	1.440958e-09	1.170326e+01	3.666293e+02
2.580000e-06	2.086971e-09	1.466571e-09	1.183878e+01	3.730363e+02
2.590000e-06	2.110733e-09	1.491918e-09	1.197357e+01	3.793665e+02
2.600000e-06	2.134348e-09	1.516941e-09	1.210754e+01	3.856194e+02
2.610000e-06	2.157804e-09	1.541530e-09	1.224060e+01	3.917945e+02
2.620000e-06	2.181086e-09	1.565356e-09	1.237267e+01	3.978911e+02
2.630000e-06	2.204185e-09	1.588484e-09	1.250370e+01	4.039089e+02
2.640000e-06	2.227102e-09	1.611797e-09	1.263370e+01	4.098471e+02
2.650000e-06	2.249846e-09	1.635832e-09	1.276272e+01	4.157054e+02
2.660000e-06	2.272425e-09	1.659779e-09	1.289081e+01	4.214834e+02
2.670000e-06	2.294857e-09	1.682688e-09	1.301805e+01	4.271809e+02
2.680000e-06	2.317152e-09	1.704500e-09	1.314453e+01	4.327980e+02
2.690000e-06	2.339318e-09	1.725641e-09	1.327027e+01	4.383347e+02
2.700000e-06	2.361352e-09	1.746830e-09	1.339526e+01	4.437913e+02
2.710000e-06	2.383239e-09	1.768287e-09	1.351942e+01	4.491684e+02
2.720000e-06	2.404967e-09	1.789478e-09	1.364268e+01	4.544663e+02
2.730000e-06	2.426514e-09	1.810453e-09	1.376491e+01	4.596855e+02
2.740000e-06	2.447863e-09	1.831700e-09	1.388601e+01	4.648264e+02
2.750000e-06	2.469003e-09	1.852789e-09	1.400594e+01	4.698892e+02
2.760000e-06	2.489937e-09	1.872811e-09	1.412469e+01	4.748740e+02
2.770000e-06	2.510687e-09	1.891544e-09	1.424240e+01	4.797806e+02
2.780000e-06	2.531274e-09	1.909560e-09	1.435918e+01	4.846085e+02
2.790000e-06	2.551717e-09	1.927620e-09	1.447515e+01	4.893571e+02
2.800000e-06	2.572046e-09	1.946240e-09	1.459047e+01	4.940257e+02
2.810000e-06	2.592281e-09	1.965168e-09	1.470526e+01	4.986131e+02
2.820000e-06	2.612439e-09	1.983646e-09	1.481960e+01	5.031185e+02
2.830000e-06	2.632516e-09	2.001110e-09	1.493350e+01	5.075410e+02
2.840000e-06	2.652498e-09	2.017868e-09	1.504685e+01	5.118799e+02
2.850000e-06	2.672358e-09	2.034290e-09	1.515951e+01	5.161349e+02
2.860000e-06	2.692065e-09	2.050108e-09	1.527130e+01	5.203059e+02
2.870000e-06	2.711586e-09	2.065403e-09	1.538204e+01	5.243934e+02
2.880000e-06	2.730889e-09	2.080891e-09	1.549154e+01	5.283984e+02
2.890000e-06	2.749949e-09	2.096996e-09	1.559966e+01	5.323221e+02
2.900000e-06	2.768755e-09	2.112823e-09	1.570634e+01	5.361665e+02
2.910000e-06	2.787308e-09	2.127377e-09	1.581159e+01	5.399338e+02
2.920000e-06	2.805623e-09	2.140951e-09	1.591548e+01	5.436264e+02
2.930000e-06	2.823721e-09	2.154495e-09	1.601815e+01	5.472471e+02
2.940000e-06	2.841624e-09	2.168267e-09	1.611971e+01	5.507983e+02
2.950000e-06	2.859362e-09	2.182070e-09	1.622033e+01	5.542828e+02
2.960000e-06	2.876948e-09	2.195814e-09	1.632009e+01	5.577029e+02
2.970000e-06	2.894388e-09	2.209270e-09	1.641902e+01	5.610606e+02
2.980000e-06	2.911690e-09	2.222281e-09	1.651717e+01	5.643577e+02
2.990000e-06	2.928841e-09	2.234944e-09	1.661446e+01	5.675955e+02
3.000000e-06	2.945812e-09	2.247147e-09	1.671074e+01	5.707748e+02
3.010000e-06	2.962579e-09	2.258714e-09	1.680585e+01	5.738964e+02
3.020000e-06	2.979110e-09	2.270242e-09	1.689962e+01	5.769605e+02
3.030000e-06	2.995365e-09	2.282147e-09	1.699183e+01	5.799673e+02
3.040000e-06	3.011311e-09	2.294035e-09	1.708229e+01	5.829168e+02
3.050000e-06	3.026932e-09	2.305657e-09	1.717091e+01	5.858093e+02
3.060000e-06	3.042230e-09	2.317075e-09	1.725769e+01	5.886450e+02
3.070000e-06	3.057222e-09	2.327890e-09	1.734273e+01	5.914244e+02
3.080000e-06	3.071941e-09	2.338031e-09	1.742623e+01	5.941483e+02
3.090000e-06	3.086421e-09	2.348233e-09	1.750837e+01	5.968177e+02
3.100000e-06	3.100685e-09	2.358348e-09	1.758929e+01	5.994341e+02
3.110000e-06	3.114742e-09	2.367939e-09	1.766903e+01	6.019991e+02
3.120000e-06	3.128588e-09	2.377615e-09	1.774757e+01	6.045146e+02
3.130000e-06	3.142205e-09	2.387717e-09	1.782482e+01	6.069825e+02
3.140000e-06	3.155569e-09	2.397714e-09	1.790063e+01	6.094048e+02
3.150000e-06	3.168674e-09	2.407144e-09	1.797497e+01	6.117834e+02
3.160000e-06	3.181530e-09	2.415976e-09	1.804789e+01	6.141201e+02
3.170000e-06	3.194153e-09	2.424475e-09	1.811950e+01	6.164162e+02
3.180000e-06	3.206574e-09	2.433412e-09	1.818996e+01	6.186728e+02
3.190000e-06	3.218814e-09	2.443175e-09	1.825940e+01	6.208907e+02
3.200000e-06	3.230874e-09	2.452724e-09	1.832781e+01	6.230703e+02
3.210000e-06	3.242735e-09	2.461287e-09	1.839509e+01	6.252116e+02
3.220000e-06	3.254358e-09	2.469295e-09	1.846103e+01	6.273144e+02
3.230000e-06	3.265687e-09	2.477334e-09	1.852529e+01	6.293781e+02
3.240000e-06	3.276676e-09	2.485602e-09	1.858763e+01	6.314023e+02
3.250000e-06	3.287279e-09	2.493602e-09	1.864778e+01	6.333864e+02
3.260000e-06	3.297461e-09	2.500921e-09	1.870554e+01	6.353296e+02
3.270000e-06	3.307228e-09	2.508314e-09	1.876095e+01	6.372318e+02
3.280000e-06	3.316606e-09	2.516420e-09	1.881414e+01	6.390925e+02
3.290000e-06	3.325642e-09	2.524188e-09	1.886540e+01	6.409118e+02
3.300000e-06	3.334392e-09	2.531013e-09	1.891504e+01	6.426899e+02
3.310000e-06	3.342918e-09	2.537852e-09	1.896340e+01	6.444274e+02
3.320000e-06	3.351276e-09	2.544952e-09	1.901082e+01	6.461249e+02
3.330000e-06	3.359498e-09	2.551932e-09	1.905745e+01	6.477833e+02
3.340000e-06	3.367592e-09	2.558806e-09	1.910337e+01	6.494034e+02
3.350000e-06	3.375545e-09	2.565475e-09	1.914849e+01	6.509864e+02
3.360000e-06	3.383323e-09	2.571670e-09	1.919261e+01	6.525331e+02
3.370000e-06	3.390881e-09	2.577693e-09	1.923548e+01	6.540444e+02
3.380000e-06	3.398182e-09	2.583927e-09	1.927690e+01	6.555210e+02
3.390000e-06	3.405215e-09	2.590031e-09	1.931680e+01	6.569633e+02
3.400000e-06	3.411989e-09	2.595794e-09	1.935522e+01	6.583718e+02
3.410000e-06	3.418520e-09	2.601378e-09	1.939227e+01	6.597465e+02
3.420000e-06	3.424828e-09	2.606906e-09	1.942805e+01	6.610872e+02
3.430000e-06	3.430922e-09	2.612669e-09	1.946262e+01	6.623939e+02
3.440000e-06	3.436790e-09	2.618271e-09	1.949591e+01	6.636660e+02
3.450000e-06	3.442413e-09	2.622575e-09	1.952781e+01	6.649031e+02
3.460000e-06	3.447769e-09	2.625965e-09	1.955819e+01	6.661046e+02
3.470000e-06	3.452851e-09	2.630099e-09	1.958702e+01	6.672701e+02
3.480000e-06	3.457676e-09	2.635372e-09	1.961439e+01	6.683991e+02
3.490000e-06	3.462279e-09	2.640888e-09	1.964050e+01	6.694911e+02
3.500000e-06	3.466700e-09	2.645773e-09	1.966558e+01	6.705458e+02
3.510000e-06	3.470978e-09	2.649838e-09	1.968985e+01	6.715630e+02
3.520000e-06	3.475132e-09	2.653351e-09	1.971341e+01	6.725424e+02
3.530000e-06	3.479154e-09	2.656810e-09	1.973623e+01	6.734842e+02
3.540000e-06	3.483013e-09	2.660209e-09	1.975812e+01	6.743884e+02
3.550000e-06	3.486662e-09	2.663107e-09	1.977882e+01	6.752553e+02
3.560000e-06	3.490037e-09	2.665845e-09	1.979797e+01	6.760850e+02
3.570000e-06	3.493076e-09	2.668980e-09	1.981521e+01	6.768781e+02
3.580000e-06	3.495730e-09	2.672554e-09	1.983026e+01	6.776349e+02
3.590000e-06	3.497969e-09	2.676048e-09	1.984296e+01	6.783562e+02
3.600000e-06	3.499788e-09	2.678915e-09	1.985328e+01	6.790425e+02
3.610000e-06	3.501211e-09	2.681057e-09	1.986135e+01	6.796944e+02
3.620000e-06	3.502280e-09	2.682546e-09	1.986742e+01	6.803127e+02
3.630000e-06	3.503048e-09	2.683842e-09	1.987177e+01	6.808982e+02
3.640000e-06	3.503580e-09	2.685892e-09	1.987479e+01	6.814515e+02
3.650000e-06	3.503936e-09	2.688705e-09	1.987681e+01	6.819733e+02
3.660000e-06	3.504148e-09	2.690955e-09	1.987801e+01	6.824642e+02
3.670000e-06	3.504221e-09	2.692798e-09	1.987843e+01	6.829246e+02
3.680000e-06	3.504135e-09	2.694527e-09	1.987794e+01	6.833550e+02
3.690000e-06	3.503858e-09	2.694434e-09	1.987637e+01	6.837555e+02
3.700000e-06	3.503346e-09	2.694248e-09	1.987346e+01	6.841260e+02
3.710000e-06	3.502559e-09	2.696332e-09	1.986900e+01	6.844665e+02
3.720000e-06	3.501485e-09	2.703957e-09	1.986290e+01	6.847766e+02
3.730000e-06	3.500126e-09	2.715660e-09	1.985520e+01	6.850557e+02
3.740000e-06	3.498477e-09	2.708659e-09	1.984584e+01	6.853033e+02
3.750000e-06	3.496511e-09	2.697091e-09	1.983469e+01	6.855186e+02
3.760000e-06	3.494239e-09	2.700458e-09	1.982180e+01	6.857010e+02
3.770000e-06	3.491742e-09	2.698137e-09	1.980764e+01	6.858499e+02
3.780000e-06	3.489114e-09	2.697617e-09	1.979273e+01	6.859646e+02
3.790000e-06	3.486375e-09	2.706122e-09	1.977719e+01	6.860449e+02
3.800000e-06	3.483481e-09	2.707306e-09	1.976077e+01	6.860907e+02
3.810000e-06	3.480371e-09	2.705701e-09	1.974313e+01	6.861021e+02
3.820000e-06	3.477020e-09	2.711877e-09	1.972412e+01	6.860795e+02
3.830000e-06	3.473451e-09	2.712711e-09	1.970388e+01	6.860236e+02
3.840000e-06	3.469712e-09	2.702564e-09	1.968267e+01	6.859353e+02
3.850000e-06	3.465828e-09	2.697691e-09	1.966063e+01	6.858157e+02
3.860000e-06	3.461783e-09	2.698891e-09	1.963769e+01	6.856660e+02
3.870000e-06	3.457544e-09	2.696671e-09	1.961364e+01	6.854874e+02
3.880000e-06	3.453075e-09	2.696387e-09	1.958829e+01	6.852811e+02
3.890000e-06	3.448319e-09	2.703321e-09	1.956131e+01	6.850481e+02
3.900000e-06	3.443170e-09	2.707913e-09	1.953210e+01	6.847891e+02
3.910000e-06	3.437528e-09	2.701043e-09	1.950010e+01	6.845048e+02
3.920000e-06	3.431388e-09	2.692042e-09	1.946526e+01	6.841953e+02
3.930000e-06	3.424826e-09	2.689941e-09	1.942804e+01	6.838604e+02
3.940000e-06	3.417936e-09	2.690428e-09	1.938896e+01	6.834998e+02
3.950000e-06	3.410775e-09	2.689580e-09	1.934833e+01	6.831125e+02
3.960000e-06	3.403378e-09	2.690288e-09	1.930637e+01	6.826977e+02
3.970000e-06	3.395790e-09	2.692044e-09	1.926333e+01	6.822541e+02
3.980000e-06	3.388048e-09	2.690405e-09	1.921941e+01	6.817806e+02
3.990000e-06	3.380162e-09	2.684064e-09	1.917468e+01	6.812760e+02
4.000000e-06	3.372125e-09	2.677631e-09	1.912908e+01	6.807391e+02
4.010000e-06	3.363922e-09	2.675527e-09	1.908255e+01	6.801692e+02
4.020000e-06	3.355514e-09	2.676721e-09	1.903486e+01	6.795656e+02
4.030000e-06	3.346859e-09	2.677061e-09	1.898576e+01	6.789280e+02
4.040000e-06	3.337927e-09	2.674631e-09	1.893509e+01	6.782566e+02
4.050000e-06	3.328722e-09	2.671214e-09	1.888287e+01	6.775516e+02
4.060000e-06	3.319272e-09	2.667524e-09	1.882926e+01	6.768137e+02
4.070000e-06	3.309607e-09	2.662296e-09	1.877444e+01	6.760438e+02
4.080000e-06	3.299746e-09	2.655616e-09	1.871850e+01	6.752432e+02
4.090000e-06	3.289699e-09	2.651177e-09	1.866150e+01	6.744128e+02
4.100000e-06	3.279456e-09	2.651629e-09	1.860340e+01	6.735540e+02
4.110000e-06	3.268973e-09	2.653914e-09	1.854393e+01	6.726679e+02
4.120000e-06	3.258217e-09	2.651699e-09	1.848292e+01	6.717554e+02
4.130000e-06	3.247185e-09	2.644371e-09	1.842034e+01	6.708173e+02
4.140000e-06	3.235890e-09	2.637487e-09	1.835626e+01	6.698542e+02
4.150000e-06	3.224348e-09	2.632953e-09	1.829079e+01	6.688663e+02
4.160000e-06	3.212579e-09	2.627565e-09	1.822403e+01	6.678537e+02
4.170000e-06	3.200597e-09	2.622384e-09	1.815605e+01	6.668161e+02
4.180000e-06	3.188390e-09	2.621102e-09	1.808681e+01	6.657531e+02
4.190000e-06	3.175919e-09	2.621093e-09	1.801607e+01	6.646640e+02
4.200000e-06	3.163144e-09	2.617055e-09	1.794360e+01	6.635482e+02
4.210000e-06	3.150023e-09	2.610601e-09	1.786916e+01	6.624049e+02
4.220000e-06	3.136510e-09	2.605397e-09	1.779251e+01	6.612334e+02
4.230000e-06	3.122573e-09	2.598892e-09	1.771345e+01	6.600330e+02
4.240000e-06	3.108234e-09	2.590532e-09	1.763211e+01	6.588030e+02
4.250000e-06	3.093540e-09	2.586295e-09	1.754875e+01	6.575432e+02
4.260000e-06	3.078536e-09	2.586249e-09	1.746364e+01	6.562532e+02
4.270000e-06	3.063268e-09	2.582805e-09	1.737703e+01	6.549330e+02
4.280000e-06	3.047785e-09	2.575839e-09	1.728920e+01	6.535824e+02
4.290000e-06	3.032146e-09	2.570727e-09	1.720048e+01	6.522019e+02
4.300000e-06	3.016382e-09	2.565059e-09	1.711106e+01	6.507915e+02
4.310000e-06	3.000505e-09	2.555574e-09	1.702099e+01	6.493518e+02
4.320000e-06	2.984501e-09	2.548033e-09	1.693021e+01	6.478831e+02
4.330000e-06	2.968345e-09	2.545328e-09	1.683856e+01	6.463858e+02
4.340000e-06	2.952004e-09	2.541357e-09	1.674586e+01	6.448603e+02
4.350000e-06	2.935439e-09	2.534526e-09	1.665189e+01	6.433069e+02
4.360000e-06	2.918633e-09	2.529220e-09	1.655656e+01	6.417259e+02
4.370000e-06	2.901592e-09	2.523257e-09	1.645989e+01	6.401173e+02
4.380000e-06	2.884329e-09	2.512903e-09	1.636196e+01	6.384813e+02
4.390000e-06	2.866866e-09	2.503396e-09	1.626290e+01	6.368176e+02
4.400000e-06	2.849227e-09	2.498823e-09	1.616284e+01	6.351259e+02
4.410000e-06	2.831425e-09	2.493977e-09	1.606185e+01	6.334061e+02
4.420000e-06	2.813461e-09	2.486656e-09	1.595994e+01	6.316574e+02
4.430000e-06	2.795324e-09	2.480956e-09	1.585706e+01	6.298796e+02
4.440000e-06	2.776990e-09	2.475223e-09	1.575306e+01	6.280718e+02
4.450000e-06	2.758436e-09	2.465769e-09	1.564780e+01	6.262335e+02
4.460000e-06	2.739657e-09	2.456230e-09	1.554127e+01	6.243641e+02
4.470000e-06	2.720659e-09	2.449040e-09	1.543350e+01	6.224631e+02
4.480000e-06	2.701457e-09	2.441064e-09	1.532458e+01	6.205299e+02
4.490000e-06	2.682080e-09	2.432716e-09	1.521466e+01	6.185642e+02
4.500000e-06	2.662562e-09	2.426600e-09	1.510394e+01	6.165659e+02
4.510000e-06	2.642931e-09	2.419876e-09	1.499258e+01	6.145350e+02
4.520000e-06	2.623211e-09	2.410390e-09	1.488071e+01	6.124715e+02
4.530000e-06	2.603414e-09	2.401403e-09	1.476841e+01	6.103760e+02
4.540000e-06	2.583536e-09	2.393113e-09	1.465565e+01	6.082491e+02
4.550000e-06	2.563561e-09	2.383162e-09	1.454233e+01	6.060913e+02
4.560000e-06	2.543462e-09	2.373837e-09	1.442832e+01	6.039037e+02
4.570000e-06	2.523197e-09	2.366509e-09	1.431336e+01	6.016871e+02
4.580000e-06	2.502717e-09	2.358263e-09	1.419718e+01	5.994426e+02
4.590000e-06	2.481986e-09	2.349188e-09	1.407958e+01	5.971710e+02
4.600000e-06	2.460966e-09	2.341038e-09	1.396034e+01	5.948732e+02
4.610000e-06	2.439631e-09	2.331848e-09	1.383932e+01	5.925498e+02
4.620000e-06	2.417971e-09	2.321073e-09	1.371644e+01	5.902012e+02
4.630000e-06	2.396001e-09	2.311531e-09	1.359182e+01	5.878275e+02
4.640000e-06	2.373736e-09	2.302667e-09	1.346552e+01	5.854284e+02
4.650000e-06	2.351179e-09	2.292523e-09	1.333756e+01	5.830034e+02
4.660000e-06	2.328347e-09	2.282623e-09	1.320804e+01	5.805517e+02
4.670000e-06	2.305268e-09	2.273385e-09	1.307711e+01	5.780721e+02
4.680000e-06	2.281981e-09	2.263078e-09	1.294501e+01	5.755631e+02
4.690000e-06	2.258535e-09	2.252413e-09	1.281201e+01	5.730233e+02
4.700000e-06	2.234971e-09	2.242385e-09	1.267834e+01	5.704509e+02
4.710000e-06	2.211319e-09	2.231720e-09	1.254417e+01	5.678444e+02
4.720000e-06	2.187595e-09	2.220457e-09	1.240959e+01	5.652021e+02
4.730000e-06	2.163802e-09	2.209837e-09	1.227462e+01	5.625227e+02
4.740000e-06	2.139941e-09	2.199038e-09	1.213926e+01	5.598051e+02
4.750000e-06	2.116001e-09	2.187592e-09	1.200346e+01	5.570483e+02
4.760000e-06	2.091972e-09	2.176764e-09	1.186714e+01	5.542520e+02
4.770000e-06	2.067841e-09	2.166057e-09	1.173026e+01	5.514158e+02
4.780000e-06	2.043593e-09	2.154463e-09	1.159270e+01	5.485401e+02
4.790000e-06	2.019204e-09	2.142935e-09	1.145435e+01	5.456251e+02
4.800000e-06	1.994657e-09	2.131487e-09	1.131510e+01	5.426718e+02
4.810000e-06	1.969943e-09	2.119223e-09	1.117491e+01	5.396808e+02
4.820000e-06	1.945058e-09	2.106784e-09	1.103375e+01	5.366531e+02
4.830000e-06	1.920003e-09	2.094422e-09	1.089161e+01	5.335897e+02
4.840000e-06	1.894781e-09	2.081497e-09	1.074854e+01	5.304914e+02
4.850000e-06	1.869410e-09	2.068695e-09	1.060462e+01	5.273589e+02
4.860000e-06	1.843911e-09	2.056756e-09	1.045997e+01	5.241928e+02
4.870000e-06	1.818301e-09	2.044272e-09	1.031469e+01	5.209931e+02
4.880000e-06	1.792586e-09	2.030661e-09	1.016882e+01	5.177598e+02
4.890000e-06	1.766766e-09	2.017406e-09	1.002234e+01	5.144925e+02
4.900000e-06	1.740842e-09	2.004800e-09	9.875287e+00	5.111906e+02
4.910000e-06	1.714812e-09	1.991765e-09	9.727624e+00	5.078532e+02
4.920000e-06	1.688667e-09	1.978278e-09	9.579316e+00	5.044790e+02
4.930000e-06	1.662402e-09	1.964481e-09	9.430318e+00	5.010669e+02
4.940000e-06	1.635999e-09	1.950004e-09	9.280546e+00	4.976152e+02
4.950000e-06	1.609454e-09	1.935669e-09	9.129962e+00	4.941227e+02
4.960000e-06	1.582765e-09	1.921934e-09	8.978563e+00	4.905876e+02
4.970000e-06	1.555929e-09	1.907813e-09	8.826329e+00	4.870086e+02
4.980000e-06	1.528949e-09	1.893127e-09	8.673279e+00	4.833842e+02
4.990000e-06	1.501833e-09	1.878649e-09	8.519462e+00	4.797130e+02
5.000000e-06	1.474596e-09	1.864344e-09	8.364949e+00	4.759938e+02
5.010000e-06	1.447250e-09	1.849425e-09	8.209827e+00	4.722256e+02
5.020000e-06	1.419814e-09	1.833510e-09	8.054192e+00	4.684073e+02
5.030000e-06	1.392303e-09	1.817044e-09	7.898130e+00	4.645381e+02
5.040000e-06	1.364728e-09	1.800929e-09	7.741702e+00	4.606172e+02
5.050000e-06	1.337098e-09	1.785898e-09	7.584963e+00	4.566442e+02
5.060000e-06	1.309417e-09	1.771025e-09	7.427939e+00	4.526184e+02
5.070000e-06	1.281691e-09	1.754916e-09	7.270655e+00	4.485396e+02
5.080000e-06	1.253926e-09	1.737865e-09	7.113155e+00	4.444076e+02
5.090000e-06	1.226128e-09	1.720738e-09	6.955461e+00	4.402222e+02
5.100000e-06	1.198294e-09	1.703746e-09	6.797568e+00	4.359834e+02
5.110000e-06	1.170424e-09	1.686888e-09	6.639468e+00	4.316913e+02
5.120000e-06	1.142517e-09	1.669814e-09	6.481160e+00	4.273458e+02
5.130000e-06	1.114571e-09	1.652272e-09	6.322628e+00	4.229471e+02
5.140000e-06	1.086582e-09	1.634997e-09	6.163856e+00	4.184952e+02
5.150000e-06	1.058550e-09	1.618005e-09	6.004840e+00	4.139902e+02
5.160000e-06	1.030468e-09	1.600297e-09	5.845539e+00	4.094319e+02
5.170000e-06	1.002333e-09	1.581388e-09	5.685939e+00	4.048200e+02
5.180000e-06	9.741437e-10	1.562037e-09	5.526027e+00	4.001540e+02
5.190000e-06	9.458900e-10	1.543129e-09	5.365752e+00	3.954334e+02
5.200000e-06	9.175671e-10	1.524478e-09	5.205084e+00	3.906571e+02
5.210000e-06	8.891647e-10	1.505812e-09	5.043965e+00	3.858240e+02
5.220000e-06	8.606792e-10	1.487168e-09	4.882375e+00	3.809329e+02
5.230000e-06	8.321074e-10	1.468402e-09	4.720296e+00	3.759820e+02
5.240000e-06	8.034408e-10	1.449400e-09	4.557679e+00	3.709696e+02
5.250000e-06	7.746816e-10	1.429762e-09	4.394536e+00	3.658941e+02
5.260000e-06	7.458359e-10	1.408965e-09	4.230904e+00	3.607534e+02
5.270000e-06	7.169055e-10	1.387350e-09	4.066790e+00	3.555459e+02
5.280000e-06	6.878903e-10	1.366139e-09	3.902196e+00	3.502698e+02
5.290000e-06	6.587969e-10	1.345929e-09	3.737157e+00	3.449236e+02
5.300000e-06	6.296249e-10	1.325846e-09	3.571674e+00	3.395059e+02
5.310000e-06	6.003784e-10	1.304846e-09	3.405767e+00	3.340157e+02
5.320000e-06	5.710590e-10	1.283036e-09	3.239447e+00	3.284520e+02
5.330000e-06	5.416634e-10	1.261190e-09	3.072695e+00	3.228143e+02
5.340000e-06	5.121950e-10	1.239413e-09	2.905530e+00	3.171021e+02
5.350000e-06	4.826512e-10	1.217342e-09	2.737936e+00	3.113153e+02
5.360000e-06	4.530331e-10	1.194646e-09	2.569922e+00	3.054535e+02
5.370000e-06	4.233468e-10	1.171381e-09	2.401521e+00	2.995167e+02
5.380000e-06	3.935977e-10	1.148135e-09	2.232763e+00	2.935047e+02
5.390000e-06	3.637917e-10	1.125134e-09	2.063683e+00	2.874173e+02
5.400000e-06	3.339370e-10	1.101727e-09	1.894326e+00	2.812541e+02
5.410000e-06	3.040393e-10	1.077426e-09	1.724725e+00	2.750144e+02
5.420000e-06	2.740993e-10	1.052516e-09	1.554885e+00	2.686976e+02
5.430000e-06	2.441246e-10	1.027500e-09	1.384848e+00	2.623026e+02
5.440000e-06	2.141285e-10	1.002450e-09	1.214689e+00	2.558284e+02
5.450000e-06	1.841136e-10	9.770851e-10	1.044424e+00	2.492738e+02
5.460000e-06	1.540784e-10	9.510867e-10	8.740431e-01	2.426378e+02
5.470000e-06	1.240308e-10	9.243246e-10	7.035923e-01	2.359192e+02
5.480000e-06	9.397279e-11	8.972266e-10	5.330823e-01	2.291172e+02
5.490000e-06	6.389726e-11	8.700202e-10	3.624730e-01	2.222312e+02
5.500000e-06	3.380467e-11	8.425567e-10	1.917669e-01	2.152609e+02
5.510000e-06	3.699109e-12	8.150056e-10	2.098723e-02	2.082065e+02
5.520000e-06	-2.640991e-11	7.876027e-10	-1.498121e-01	2.010685e+02
5.530000e-06	-5.651377e-11	7.599819e-10	-3.205820e-01	1.938481e+02
5.540000e-06	-8.660795e-11	7.315771e-10	-4.912971e-01	1.865469e+02
5.550000e-06	-1.166845e-10	7.022175e-10	-6.619122e-01	1.791669e+02
5.560000e-06	-1.467363e-10	6.721885e-10	-8.323871e-01	1.717105e+02
5.570000e-06	-1.767597e-10	6.419466e-10	-1.002701e+00	1.641807e+02
5.580000e-06	-2.067492e-10	6.118805e-10	-1.172822e+00	1.565805e+02
5.590000e-06	-2.367003e-10	5.819876e-10	-1.342725e+00	1.489132e+02
5.600000e-06	-2.666084e-10	5.519901e-10	-1.512385e+00	1.411824e+02
5.610000e-06	-2.964761e-10	5.217407e-10	-1.681815e+00	1.333917e+02
5.620000e-06	-3.263057e-10	4.910288e-10	-1.851029e+00	1.255447e+02
5.630000e-06	-3.560953e-10	4.596679e-10	-2.020016e+00	1.176449e+02
5.640000e-06	-3.858373e-10	4.279972e-10	-2.188734e+00	1.096959e+02
5.650000e-06	-4.155254e-10	3.962361e-10	-2.357146e+00	1.017011e+02
5.660000e-06	-4.451560e-10	3.641342e-10	-2.525231e+00	9.366394e+01
5.670000e-06	-4.747202e-10	3.319820e-10	-2.692939e+00	8.558767e+01
5.680000e-06	-5.042125e-10	3.001302e-10	-2.860240e+00	7.747548e+01
5.690000e-06	-5.336267e-10	2.684674e-10	-3.027098e+00	6.933045e+01
5.700000e-06	-5.629589e-10	2.369760e-10	-3.193491e+00	6.115559e+01
5.710000e-06	-5.922043e-10	2.053373e-10	-3.359391e+00	5.295383e+01
5.720000e-06	-6.213606e-10	1.729557e-10	-3.524786e+00	4.472800e+01
5.730000e-06	-6.504302e-10	1.399324e-10	-3.689689e+00	3.648084e+01
5.740000e-06	-6.794132e-10	1.069133e-10	-3.854101e+00	2.821500e+01
5.750000e-06	-7.083039e-10	7.409695e-11	-4.017990e+00	1.993301e+01
5.760000e-06	-7.371059e-10	4.126621e-11	-4.181374e+00	1.163729e+01
5.770000e-06	-7.658283e-10	8.714413e-12	-4.344308e+00	3.330153e+00
5.780000e-06	-7.944704e-10	-2.349964e-11	-4.506786e+00	-4.986193e+00
5.790000e-06	-8.230286e-10	-5.575815e-11	-4.668788e+00	-1.330963e+01
5.800000e-06	-8.515065e-10	-8.812459e-11	-4.830335e+00	-2.163812e+01
5.810000e-06	-8.799048e-10	-1.204800e-10	-4.991431e+00	-2.996964e+01
5.820000e-06	-9.082205e-10	-1.531583e-10	-5.152057e+00	-3.830219e+01
5.830000e-06	-9.364578e-10	-1.864746e-10	-5.312239e+00	-4.663370e+01
5.840000e-06	-9.646212e-10	-2.195055e-10	-5.472002e+00	-5.496206e+01
5.850000e-06	-9.927198e-10	-2.516431e-10	-5.631398e+00	-6.328501e+01
5.860000e-06	-1.020761e-09	-2.835846e-10	-5.790466e+00	-7.160018e+01
5.870000e-06	-1.048752e-09	-3.161270e-10	-5.949253e+00	-7.990506e+01
5.880000e-06	-1.076702e-09	-3.489905e-10	-6.107807e+00	-8.819699e+01
5.890000e-06	-1.104616e-09	-3.814105e-10	-6.266154e+00	-9.647319e+01
5.900000e-06	-1.132498e-09	-4.134054e-10	-6.424323e+00	-1.047308e+02
5.910000e-06	-1.160349e-09	-4.453834e-10	-6.582312e+00	-1.129670e+02
5.920000e-06	-1.188169e-09	-4.776902e-10	-6.740129e+00	-1.211788e+02
5.930000e-06	-1.215960e-09	-5.104318e-10	-6.897776e+00	-1.293637e+02
5.940000e-06	-1.243719e-09	-5.430984e-10	-7.055247e+00	-1.375189e+02
5.950000e-06	-1.271446e-09	-5.749436e-10	-7.212533e+00	-1.456421e+02
5.960000e-06	-1.299134e-09	-6.061577e-10	-7.369601e+00	-1.537313e+02
5.970000e-06	-1.326774e-09	-6.375790e-10	-7.526393e+00	-1.617847e+02
5.980000e-06	-1.354352e-09	-6.692181e-10	-7.682838e+00	-1.698008e+02
5.990000e-06	-1.381857e-09	-7.006440e-10	-7.838867e+00	-1.777784e+02
6.000000e-06	-1.409278e-09	-7.317084e-10	-7.994414e+00	-1.857165e+02
6.010000e-06	-1.436605e-09	-7.623738e-10	-8.149432e+00	-1.936143e+02
6.020000e-06	-1.463824e-09	-7.930457e-10	-8.303840e+00	-2.014712e+02
6.030000e-06	-1.490924e-09	-8.242641e-10	-8.457569e+00	-2.092864e+02
6.040000e-06	-1.517900e-09	-8.555585e-10	-8.610595e+00	-2.170591e+02
6.050000e-06	-1.544743e-09	-8.859282e-10	-8.762868e+00	-2.247885e+02
6.060000e-06	-1.571447e-09	-9.155049e-10	-8.914355e+00	-2.324734e+02
6.070000e-06	-1.598016e-09	-9.450572e-10	-9.065074e+00	-2.401123e+02
6.080000e-06	-1.624447e-09	-9.746238e-10	-9.215009e+00	-2.477036e+02
6.090000e-06	-1.650740e-09	-1.003803e-09	-9.364158e+00	-2.552452e+02
6.100000e-06	-1.676904e-09	-1.032549e-09	-9.512580e+00	-2.627349e+02
6.110000e-06	-1.702950e-09	-1.061418e-09	-9.660333e+00	-2.701702e+02
6.120000e-06	-1.728882e-09	-1.091212e-09	-9.807436e+00	-2.775484e+02
6.130000e-06	-1.754706e-09	-1.121597e-09	-9.953930e+00	-2.848670e+02
6.140000e-06	-1.780428e-09	-1.151037e-09	-1.009984e+01	-2.921234e+02
6.150000e-06	-1.806037e-09	-1.178761e-09	-1.024512e+01	-2.993149e+02
6.160000e-06	-1.831525e-09	-1.205339e-09	-1.038970e+01	-3.064395e+02
6.170000e-06	-1.856884e-09	-1.231740e-09	-1.053356e+01	-3.134950e+02
6.180000e-06	-1.882105e-09	-1.258675e-09	-1.067663e+01	-3.204797e+02
6.190000e-06	-1.907173e-09	-1.286394e-09	-1.081883e+01	-3.273921e+02
6.200000e-06	-1.932077e-09	-1.314355e-09	-1.096011e+01	-3.342312e+02
6.210000e-06	-1.956813e-09	-1.341651e-09	-1.110042e+01	-3.409961e+02
6.220000e-06	-1.981379e-09	-1.368204e-09	-1.123978e+01	-3.476861e+02
6.230000e-06	-2.005785e-09	-1.394131e-09	-1.137823e+01	-3.543007e+02
6.240000e-06	-2.030045e-09	-1.419036e-09	-1.151585e+01	-3.608395e+02
6.250000e-06	-2.054177e-09	-1.443168e-09	-1.165274e+01	-3.673022e+02
6.260000e-06	-2.078204e-09	-1.467627e-09	-1.178904e+01	-3.736884e+02
6.270000e-06	-2.102147e-09	-1.492650e-09	-1.192486e+01	-3.799975e+02
6.280000e-06	-2.126017e-09	-1.517417e-09	-1.206027e+01	-3.862293e+02
6.290000e-06	-2.149825e-09	-1.541839e-09	-1.219533e+01	-3.923830e+02
6.300000e-06	-2.173572e-09	-1.565925e-09	-1.233004e+01	-3.984583e+02
6.310000e-06	-2.197249e-09	-1.589154e-09	-1.246435e+01	-4.044544e+02
6.320000e-06	-2.220839e-09	-1.611657e-09	-1.259817e+01	-4.103709e+02
6.330000e-06	-2.244322e-09	-1.634306e-09	-1.273138e+01	-4.162074e+02
6.340000e-06	-2.267666e-09	-1.657358e-09	-1.286380e+01	-4.219635e+02
6.350000e-06	-2.290839e-09	-1.680056e-09	-1.299526e+01	-4.276391e+02
6.360000e-06	-2.313812e-09	-1.701959e-09	-1.312558e+01	-4.332343e+02
6.370000e-06	-2.336548e-09	-1.723214e-09	-1.325455e+01	-4.387491e+02
6.380000e-06	-2.359019e-09	-1.744152e-09	-1.338202e+01	-4.441841e+02
6.390000e-06	-2.381198e-09	-1.764817e-09	-1.350784e+01	-4.495395e+02
6.400000e-06	-2.403068e-09	-1.785133e-09	-1.363190e+01	-4.548160e+02
6.410000e-06	-2.424616e-09	-1.805637e-09	-1.375414e+01	-4.600138e+02
6.420000e-06	-2.445850e-09	-1.826283e-09	-1.387459e+01	-4.651334e+02
6.430000e-06	-2.466790e-09	-1.846380e-09	-1.399338e+01	-4.701750e+02
6.440000e-06	-2.487459e-09	-1.866098e-09	-1.411062e+01	-4.751385e+02
6.450000e-06	-2.507895e-09	-1.885255e-09	-1.422655e+01	-4.800237e+02
6.460000e-06	-2.528137e-09	-1.903130e-09	-1.434138e+01	-4.848301e+02
6.470000e-06	-2.548224e-09	-1.920784e-09	-1.445533e+01	-4.895571e+02
6.480000e-06	-2.568192e-09	-1.939376e-09	-1.456860e+01	-4.942036e+02
6.490000e-06	-2.588070e-09	-1.958211e-09	-1.468136e+01	-4.987689e+02
6.500000e-06	-2.607870e-09	-1.976729e-09	-1.479368e+01	-5.032519e+02
6.510000e-06	-2.627586e-09	-1.994964e-09	-1.490552e+01	-5.076517e+02
6.520000e-06	-2.647199e-09	-2.012396e-09	-1.501679e+01	-5.119679e+02
6.530000e-06	-2.666683e-09	-2.028735e-09	-1.512731e+01	-5.162001e+02
6.540000e-06	-2.686001e-09	-2.044511e-09	-1.523690e+01	-5.203484e+02
6.550000e-06	-2.705120e-09	-2.059802e-09	-1.534536e+01	-5.244134e+02
6.560000e-06	-2.724021e-09	-2.074767e-09	-1.545257e+01	-5.283962e+02
6.570000e-06	-2.742695e-09	-2.090559e-09	-1.555851e+01	-5.322982e+02
6.580000e-06	-2.761154e-09	-2.107259e-09	-1.566322e+01	-5.361215e+02
6.590000e-06	-2.779413e-09	-2.123204e-09	-1.576680e+01	-5.398683e+02
6.600000e-06	-2.797495e-09	-2.137717e-09	-1.586937e+01	-5.435411e+02
6.610000e-06	-2.815418e-09	-2.151416e-09	-1.597104e+01	-5.471425e+02
6.620000e-06	-2.833189e-09	-2.164836e-09	-1.607185e+01	-5.506754e+02
6.630000e-06	-2.850800e-09	-2.178177e-09	-1.617176e+01	-5.541421e+02
6.640000e-06	-2.868224e-09	-2.191335e-09	-1.627060e+01	-5.575449e+02
6.650000e-06	-2.885435e-09	-2.204255e-09	-1.636823e+01	-5.608859e+02
6.660000e-06	-2.902423e-09	-2.217372e-09	-1.646460e+01	-5.641667e+02
6.670000e-06	-2.919176e-09	-2.231055e-09	-1.655963e+01	-5.673883e+02
6.680000e-06	-2.935699e-09	-2.244693e-09	-1.665336e+01	-5.705518e+02
6.690000e-06	-2.952013e-09	-2.257397e-09	-1.674591e+01	-5.736576e+02
6.700000e-06	-2.968150e-09	-2.268874e-09	-1.683745e+01	-5.767059e+02
6.710000e-06	-2.984149e-09	-2.279537e-09	-1.692821e+01	-5.796970e+02
6.720000e-06	-3.000033e-09	-2.290425e-09	-1.701831e+01	-5.826309e+02
6.730000e-06	-3.015809e-09	-2.301838e-09	-1.710781e+01	-5.855077e+02
6.740000e-06	-3.031460e-09	-2.312874e-09	-1.719659e+01	-5.883279e+02
6.750000e-06	-3.046944e-09	-2.323556e-09	-1.728443e+01	-5.910919e+02
6.760000e-06	-3.062201e-09	-2.334824e-09	-1.737097e+01	-5.938007e+02
6.770000e-06	-3.077161e-09	-2.346223e-09	-1.745584e+01	-5.964553e+02
6.780000e-06	-3.091757e-09	-2.356530e-09	-1.753864e+01	-5.990574e+02
6.790000e-06	-3.105950e-09	-2.365749e-09	-1.761915e+01	-6.016085e+02
6.800000e-06	-3.119727e-09	-2.374636e-09	-1.769730e+01	-6.041106e+02
6.810000e-06	-3.133102e-09	-2.383853e-09	-1.777318e+01	-6.065657e+02
6.820000e-06	-3.146109e-09	-2.393890e-09	-1.784696e+01	-6.089757e+02
6.830000e-06	-3.158794e-09	-2.404156e-09	-1.791892e+01	-6.113424e+02
6.840000e-06	-3.171209e-09	-2.413531e-09	-1.798934e+01	-6.136676e+02
6.850000e-06	-3.183399e-09	-2.422059e-09	-1.805849e+01	-6.159526e+02
6.860000e-06	-3.195397e-09	-2.430513e-09	-1.812656e+01	-6.181983e+02
6.870000e-06	-3.207215e-09	-2.439156e-09	-1.819359e+01	-6.204054e+02
6.880000e-06	-3.218841e-09	-2.447521e-09	-1.825955e+01	-6.225743e+02
6.890000e-06	-3.230252e-09	-2.455135e-09	-1.832428e+01	-6.247048e+02
6.900000e-06	-3.241420e-09	-2.462479e-09	-1.838763e+01	-6.267966e+02
6.910000e-06	-3.252326e-09	-2.470593e-09	-1.844950e+01	-6.288494e+02
6.920000e-06	-3.262963e-09	-2.479227e-09	-1.850984e+01	-6.308624e+02
6.930000e-06	-3.273345e-09	-2.487366e-09	-1.856873e+01	-6.328350e+02
6.940000e-06	-3.283505e-09	-2.494815e-09	-1.862637e+01	-6.347668e+02
6.950000e-06	-3.293466e-09	-2.502040e-09	-1.868287e+01	-6.366573e+02
6.960000e-06	-3.303240e-09	-2.509242e-09	-1.873832e+01	-6.385065e+02
6.970000e-06	-3.312816e-09	-2.516397e-09	-1.879264e+01	-6.403142e+02
6.980000e-06	-3.322173e-09	-2.523345e-09	-1.884572e+01	-6.420809e+02
6.990000e-06	-3.331284e-09	-2.529762e-09	-1.889741e+01	-6.438071e+02
7.000000e-06	-3.340129e-09	-2.535856e-09	-1.894758e+01	-6.454935e+02
7.010000e-06	-3.348710e-09	-2.542334e-09	-1.899626e+01	-6.471410e+02
7.020000e-06	-3.357051e-09	-2.549150e-09	-1.904357e+01	-6.487506e+02
7.030000e-06	-3.365194e-09	-2.555339e-09	-1.908977e+01	-6.503233e+02
7.040000e-06	-3.373185e-09	-2.560742e-09	-1.913510e+01	-6.518599e+02
7.050000e-06	-3.381050e-09	-2.566203e-09	-1.917972e+01	-6.533613e+02
7.060000e-06	-3.388793e-09	-2.572066e-09	-1.922364e+01	-6.548282e+02
7.070000e-06	-3.396393e-09	-2.577748e-09	-1.926675e+01	-6.562609e+02
7.080000e-06	-3.403809e-09	-2.582781e-09	-1.930882e+01	-6.576598e+02
7.090000e-06	-3.410985e-09	-2.587411e-09	-1.934953e+01	-6.590249e+02
7.100000e-06	-3.417870e-09	-2.592313e-09	-1.938858e+01	-6.603560e+02
7.110000e-06	-3.424416e-09	-2.597815e-09	-1.942571e+01	-6.616529e+02
7.120000e-06	-3.430574e-09	-2.603129e-09	-1.946065e+01	-6.629151e+02
7.130000e-06	-3.436326e-09	-2.607561e-09	-1.949328e+01	-6.641422e+02
7.140000e-06	-3.441667e-09	-2.611743e-09	-1.952358e+01	-6.653337e+02
7.150000e-06	-3.446621e-09	-2.616242e-09	-1.955168e+01	-6.664889e+02
7.160000e-06	-3.451233e-09	-2.620750e-09	-1.957784e+01	-6.676075e+02
7.170000e-06	-3.455563e-09	-2.625097e-09	-1.960240e+01	-6.686890e+02
7.180000e-06	-3.459678e-09	-2.629189e-09	-1.962575e+01	-6.697332e+02
7.190000e-06	-3.463631e-09	-2.632856e-09	-1.964817e+01	-6.707397e+02
7.200000e-06	-3.467456e-09	-2.636770e-09	-1.966987e+01	-6.717086e+02
7.210000e-06	-3.471147e-09	-2.641230e-09	-1.969081e+01	-6.726397e+02
7.220000e-06	-3.474674e-09	-2.645049e-09	-1.971082e+01	-6.735334e+02
7.230000e-06	-3.477998e-09	-2.647761e-09	-1.972967e+01	-6.743897e+02
7.240000e-06	-3.481077e-09	-2.650388e-09	-1.974714e+01	-6.752091e+02
7.250000e-06	-3.483886e-09	-2.653359e-09	-1.976307e+01	-6.759919e+02
7.260000e-06	-3.486427e-09	-2.656470e-09	-1.977749e+01	-6.767387e+02
7.270000e-06	-3.488724e-09	-2.659464e-09	-1.979052e+01	-6.774500e+02
7.280000e-06	-3.490808e-09	-2.661941e-09	-1.980234e+01	-6.781264e+02
7.290000e-06	-3.492704e-09	-2.664193e-09	-1.981309e+01	-6.787688e+02
7.300000e-06	-3.494414e-09	-2.666887e-09	-1.982279e+01	-6.793777e+02
7.310000e-06	-3.495890e-09	-2.669727e-09	-1.983117e+01	-6.799540e+02
7.320000e-06	-3.497036e-09	-2.671952e-09	-1.983767e+01	-6.804982e+02
7.330000e-06	-3.497886e-09	-2.673771e-09	-1.984249e+01	-6.810111e+02
7.340000e-06	-3.498516e-09	-2.675707e-09	-1.984607e+01	-6.814933e+02
7.350000e-06	-3.498917e-09	-2.677674e-09	-1.984834e+01	-6.819451e+02
