# Temperatura_=_-0.16617647058823493
# Concentracion g/m^3_=_19900.0
# C_Vs_to_Am_M_A/Vsm_=_254322799225.57578
# pendiente_HvsI_1/m_=_3716.3
# ordenada_HvsI_A/m_=_1297.0
# frecuencia_Hz_=_135962.25362652453
# Promedio de 748 ciclos

Tiempo_(s)	Campo_(V.s)	Magnetizacion_(V.s)	Campo_(kA/m)	Magnetizacion_(A/m)
0.000000e+00	-3.497441e-09	-2.521127e-09	-1.985050e+01	-6.434690e+02
1.000000e-08	-3.497550e-09	-2.522138e-09	-1.985112e+01	-6.438192e+02
2.000000e-08	-3.497506e-09	-2.522023e-09	-1.985087e+01	-6.441382e+02
3.000000e-08	-3.497297e-09	-2.522221e-09	-1.984968e+01	-6.444277e+02
4.000000e-08	-3.496879e-09	-2.523176e-09	-1.984731e+01	-6.446890e+02
5.000000e-08	-3.496215e-09	-2.522959e-09	-1.984355e+01	-6.449234e+02
6.000000e-08	-3.495309e-09	-2.521722e-09	-1.983840e+01	-6.451319e+02
7.000000e-08	-3.494176e-09	-2.527478e-09	-1.983197e+01	-6.453148e+02
8.000000e-08	-3.492795e-09	-2.544390e-09	-1.982413e+01	-6.454725e+02
9.000000e-08	-3.491112e-09	-2.546485e-09	-1.981458e+01	-6.456044e+02
1.000000e-07	-3.489062e-09	-2.528415e-09	-1.980294e+01	-6.457102e+02
1.100000e-07	-3.486603e-09	-2.525115e-09	-1.978899e+01	-6.457887e+02
1.200000e-07	-3.483733e-09	-2.535432e-09	-1.977270e+01	-6.458390e+02
1.300000e-07	-3.480482e-09	-2.528145e-09	-1.975425e+01	-6.458598e+02
1.400000e-07	-3.476905e-09	-2.516577e-09	-1.973394e+01	-6.458501e+02
1.500000e-07	-3.473060e-09	-2.522698e-09	-1.971213e+01	-6.458089e+02
1.600000e-07	-3.469019e-09	-2.533642e-09	-1.968919e+01	-6.457353e+02
1.700000e-07	-3.464844e-09	-2.541486e-09	-1.966549e+01	-6.456290e+02
1.800000e-07	-3.460550e-09	-2.541860e-09	-1.964112e+01	-6.454897e+02
1.900000e-07	-3.456091e-09	-2.530991e-09	-1.961581e+01	-6.453177e+02
2.000000e-07	-3.451395e-09	-2.522451e-09	-1.958916e+01	-6.451135e+02
2.100000e-07	-3.446415e-09	-2.530245e-09	-1.956089e+01	-6.448778e+02
2.200000e-07	-3.441164e-09	-2.532524e-09	-1.953109e+01	-6.446116e+02
2.300000e-07	-3.435669e-09	-2.516064e-09	-1.949990e+01	-6.443157e+02
2.400000e-07	-3.429945e-09	-2.511520e-09	-1.946741e+01	-6.439913e+02
2.500000e-07	-3.423995e-09	-2.532316e-09	-1.943365e+01	-6.436391e+02
2.600000e-07	-3.417823e-09	-2.542933e-09	-1.939861e+01	-6.432600e+02
2.700000e-07	-3.411417e-09	-2.523348e-09	-1.936225e+01	-6.428542e+02
2.800000e-07	-3.404748e-09	-2.504854e-09	-1.932440e+01	-6.424221e+02
2.900000e-07	-3.397790e-09	-2.510421e-09	-1.928491e+01	-6.419636e+02
3.000000e-07	-3.390556e-09	-2.520581e-09	-1.924385e+01	-6.414785e+02
3.100000e-07	-3.383079e-09	-2.515262e-09	-1.920141e+01	-6.409664e+02
3.200000e-07	-3.375386e-09	-2.506843e-09	-1.915775e+01	-6.404269e+02
3.300000e-07	-3.367511e-09	-2.511256e-09	-1.911306e+01	-6.398595e+02
3.400000e-07	-3.359486e-09	-2.518727e-09	-1.906751e+01	-6.392639e+02
3.500000e-07	-3.351316e-09	-2.511415e-09	-1.902114e+01	-6.386399e+02
3.600000e-07	-3.342990e-09	-2.495987e-09	-1.897388e+01	-6.379876e+02
3.700000e-07	-3.334479e-09	-2.490960e-09	-1.892558e+01	-6.373073e+02
3.800000e-07	-3.325748e-09	-2.495861e-09	-1.887602e+01	-6.365995e+02
3.900000e-07	-3.316745e-09	-2.497572e-09	-1.882492e+01	-6.358651e+02
4.000000e-07	-3.307411e-09	-2.495147e-09	-1.877195e+01	-6.351049e+02
4.100000e-07	-3.297698e-09	-2.493990e-09	-1.871682e+01	-6.343199e+02
4.200000e-07	-3.287564e-09	-2.491099e-09	-1.865930e+01	-6.335111e+02
4.300000e-07	-3.276993e-09	-2.483415e-09	-1.859930e+01	-6.326793e+02
4.400000e-07	-3.266005e-09	-2.476554e-09	-1.853694e+01	-6.318250e+02
4.500000e-07	-3.254659e-09	-2.473413e-09	-1.847254e+01	-6.309486e+02
4.600000e-07	-3.243033e-09	-2.470159e-09	-1.840655e+01	-6.300499e+02
4.700000e-07	-3.231178e-09	-2.467810e-09	-1.833927e+01	-6.291284e+02
4.800000e-07	-3.219128e-09	-2.469497e-09	-1.827087e+01	-6.281833e+02
4.900000e-07	-3.206895e-09	-2.468696e-09	-1.820144e+01	-6.272134e+02
5.000000e-07	-3.194458e-09	-2.460239e-09	-1.813086e+01	-6.262171e+02
5.100000e-07	-3.181786e-09	-2.452162e-09	-1.805893e+01	-6.251931e+02
5.200000e-07	-3.168851e-09	-2.449643e-09	-1.798552e+01	-6.241395e+02
5.300000e-07	-3.155648e-09	-2.445378e-09	-1.791058e+01	-6.230548e+02
5.400000e-07	-3.142192e-09	-2.437947e-09	-1.783421e+01	-6.219379e+02
5.500000e-07	-3.128505e-09	-2.436153e-09	-1.775653e+01	-6.207875e+02
5.600000e-07	-3.114606e-09	-2.437990e-09	-1.767764e+01	-6.196031e+02
5.700000e-07	-3.100499e-09	-2.432816e-09	-1.759757e+01	-6.183845e+02
5.800000e-07	-3.086166e-09	-2.422989e-09	-1.751622e+01	-6.171321e+02
5.900000e-07	-3.071562e-09	-2.417835e-09	-1.743333e+01	-6.158463e+02
6.000000e-07	-3.056644e-09	-2.414553e-09	-1.734866e+01	-6.145282e+02
6.100000e-07	-3.041391e-09	-2.407684e-09	-1.726209e+01	-6.131791e+02
6.200000e-07	-3.025795e-09	-2.401857e-09	-1.717357e+01	-6.118004e+02
6.300000e-07	-3.009868e-09	-2.399982e-09	-1.708317e+01	-6.103935e+02
6.400000e-07	-2.993638e-09	-2.396232e-09	-1.699106e+01	-6.089598e+02
6.500000e-07	-2.977134e-09	-2.389100e-09	-1.689738e+01	-6.075003e+02
6.600000e-07	-2.960378e-09	-2.382403e-09	-1.680228e+01	-6.060160e+02
6.700000e-07	-2.943402e-09	-2.375631e-09	-1.670593e+01	-6.045073e+02
6.800000e-07	-2.926237e-09	-2.367949e-09	-1.660851e+01	-6.029744e+02
6.900000e-07	-2.908903e-09	-2.363228e-09	-1.651013e+01	-6.014172e+02
7.000000e-07	-2.891415e-09	-2.360907e-09	-1.641087e+01	-5.998352e+02
7.100000e-07	-2.873784e-09	-2.355420e-09	-1.631080e+01	-5.982276e+02
7.200000e-07	-2.856006e-09	-2.347243e-09	-1.620989e+01	-5.965935e+02
7.300000e-07	-2.838064e-09	-2.340599e-09	-1.610806e+01	-5.949319e+02
7.400000e-07	-2.819936e-09	-2.333763e-09	-1.600517e+01	-5.932420e+02
7.500000e-07	-2.801594e-09	-2.324570e-09	-1.590107e+01	-5.915227e+02
7.600000e-07	-2.783020e-09	-2.316762e-09	-1.579565e+01	-5.897735e+02
7.700000e-07	-2.764208e-09	-2.311627e-09	-1.568888e+01	-5.879938e+02
7.800000e-07	-2.745155e-09	-2.306027e-09	-1.558074e+01	-5.861832e+02
7.900000e-07	-2.725870e-09	-2.299880e-09	-1.547128e+01	-5.843418e+02
8.000000e-07	-2.706371e-09	-2.293843e-09	-1.536061e+01	-5.824697e+02
8.100000e-07	-2.686683e-09	-2.285567e-09	-1.524887e+01	-5.805671e+02
8.200000e-07	-2.666839e-09	-2.275576e-09	-1.513624e+01	-5.786344e+02
8.300000e-07	-2.646874e-09	-2.267136e-09	-1.502292e+01	-5.766720e+02
8.400000e-07	-2.626816e-09	-2.260119e-09	-1.490908e+01	-5.746802e+02
8.500000e-07	-2.606680e-09	-2.252490e-09	-1.479479e+01	-5.726593e+02
8.600000e-07	-2.586467e-09	-2.244603e-09	-1.468007e+01	-5.706096e+02
8.700000e-07	-2.566164e-09	-2.237086e-09	-1.456484e+01	-5.685311e+02
8.800000e-07	-2.545744e-09	-2.229065e-09	-1.444893e+01	-5.664236e+02
8.900000e-07	-2.525168e-09	-2.220457e-09	-1.433215e+01	-5.642872e+02
9.000000e-07	-2.504407e-09	-2.211828e-09	-1.421432e+01	-5.621214e+02
9.100000e-07	-2.483443e-09	-2.202718e-09	-1.409533e+01	-5.599260e+02
9.200000e-07	-2.462269e-09	-2.193298e-09	-1.397516e+01	-5.577008e+02
9.300000e-07	-2.440894e-09	-2.184969e-09	-1.385384e+01	-5.554454e+02
9.400000e-07	-2.419333e-09	-2.177225e-09	-1.373146e+01	-5.531598e+02
9.500000e-07	-2.397603e-09	-2.168202e-09	-1.360813e+01	-5.508439e+02
9.600000e-07	-2.375719e-09	-2.158142e-09	-1.348392e+01	-5.484978e+02
9.700000e-07	-2.353693e-09	-2.148372e-09	-1.335891e+01	-5.461215e+02
9.800000e-07	-2.331523e-09	-2.139161e-09	-1.323308e+01	-5.437153e+02
9.900000e-07	-2.309201e-09	-2.130469e-09	-1.310638e+01	-5.412795e+02
1.000000e-06	-2.286720e-09	-2.122175e-09	-1.297879e+01	-5.388144e+02
1.010000e-06	-2.264075e-09	-2.113064e-09	-1.285026e+01	-5.363201e+02
1.020000e-06	-2.241253e-09	-2.102709e-09	-1.272073e+01	-5.337968e+02
1.030000e-06	-2.218251e-09	-2.092273e-09	-1.259017e+01	-5.312445e+02
1.040000e-06	-2.195072e-09	-2.082099e-09	-1.245862e+01	-5.286630e+02
1.050000e-06	-2.171721e-09	-2.071864e-09	-1.232609e+01	-5.260520e+02
1.060000e-06	-2.148209e-09	-2.062015e-09	-1.219264e+01	-5.234110e+02
1.070000e-06	-2.124545e-09	-2.052617e-09	-1.205833e+01	-5.207396e+02
1.080000e-06	-2.100749e-09	-2.042680e-09	-1.192327e+01	-5.180371e+02
1.090000e-06	-2.076835e-09	-2.031981e-09	-1.178754e+01	-5.153027e+02
1.100000e-06	-2.052825e-09	-2.021199e-09	-1.165126e+01	-5.125359e+02
1.110000e-06	-2.028733e-09	-2.009953e-09	-1.151452e+01	-5.097360e+02
1.120000e-06	-2.004560e-09	-1.998228e-09	-1.137733e+01	-5.069026e+02
1.130000e-06	-1.980306e-09	-1.987150e-09	-1.123967e+01	-5.040352e+02
1.140000e-06	-1.955958e-09	-1.976523e-09	-1.110147e+01	-5.011337e+02
1.150000e-06	-1.931494e-09	-1.965107e-09	-1.096263e+01	-4.981980e+02
1.160000e-06	-1.906902e-09	-1.953224e-09	-1.082304e+01	-4.952280e+02
1.170000e-06	-1.882168e-09	-1.941703e-09	-1.068266e+01	-4.922239e+02
1.180000e-06	-1.857279e-09	-1.929804e-09	-1.054140e+01	-4.891857e+02
1.190000e-06	-1.832221e-09	-1.917513e-09	-1.039918e+01	-4.861135e+02
1.200000e-06	-1.806986e-09	-1.905567e-09	-1.025595e+01	-4.830074e+02
1.210000e-06	-1.781557e-09	-1.893552e-09	-1.011162e+01	-4.798671e+02
1.220000e-06	-1.755916e-09	-1.881210e-09	-9.966092e+00	-4.766924e+02
1.230000e-06	-1.730051e-09	-1.868959e-09	-9.819290e+00	-4.734828e+02
1.240000e-06	-1.703949e-09	-1.856607e-09	-9.671143e+00	-4.702376e+02
1.250000e-06	-1.677610e-09	-1.843878e-09	-9.521648e+00	-4.669559e+02
1.260000e-06	-1.651039e-09	-1.831123e-09	-9.370835e+00	-4.636369e+02
1.270000e-06	-1.624243e-09	-1.818382e-09	-9.218751e+00	-4.602793e+02
1.280000e-06	-1.597238e-09	-1.805289e-09	-9.065476e+00	-4.568822e+02
1.290000e-06	-1.570041e-09	-1.791843e-09	-8.911114e+00	-4.534445e+02
1.300000e-06	-1.542670e-09	-1.778115e-09	-8.755763e+00	-4.499651e+02
1.310000e-06	-1.515146e-09	-1.764520e-09	-8.599549e+00	-4.464433e+02
1.320000e-06	-1.487498e-09	-1.751206e-09	-8.442622e+00	-4.428782e+02
1.330000e-06	-1.459746e-09	-1.737335e-09	-8.285112e+00	-4.392693e+02
1.340000e-06	-1.431907e-09	-1.722655e-09	-8.127102e+00	-4.356161e+02
1.350000e-06	-1.403992e-09	-1.707932e-09	-7.968670e+00	-4.319184e+02
1.360000e-06	-1.376021e-09	-1.693517e-09	-7.809914e+00	-4.281758e+02
1.370000e-06	-1.348003e-09	-1.678741e-09	-7.650887e+00	-4.243881e+02
1.380000e-06	-1.319942e-09	-1.663425e-09	-7.491621e+00	-4.205550e+02
1.390000e-06	-1.291846e-09	-1.647958e-09	-7.332160e+00	-4.166761e+02
1.400000e-06	-1.263719e-09	-1.632389e-09	-7.172518e+00	-4.127507e+02
1.410000e-06	-1.235559e-09	-1.617061e-09	-7.012688e+00	-4.087781e+02
1.420000e-06	-1.207366e-09	-1.602075e-09	-6.852671e+00	-4.047573e+02
1.430000e-06	-1.179138e-09	-1.586649e-09	-6.692461e+00	-4.006870e+02
1.440000e-06	-1.150872e-09	-1.570602e-09	-6.532027e+00	-3.965658e+02
1.450000e-06	-1.122562e-09	-1.554068e-09	-6.371347e+00	-3.923922e+02
1.460000e-06	-1.094204e-09	-1.536859e-09	-6.210398e+00	-3.881646e+02
1.470000e-06	-1.065795e-09	-1.519318e-09	-6.049157e+00	-3.838812e+02
1.480000e-06	-1.037335e-09	-1.501864e-09	-5.887623e+00	-3.795407e+02
1.490000e-06	-1.008815e-09	-1.484394e-09	-5.725751e+00	-3.751414e+02
1.500000e-06	-9.802278e-10	-1.467001e-09	-5.563500e+00	-3.706824e+02
1.510000e-06	-9.515728e-10	-1.450115e-09	-5.400862e+00	-3.661627e+02
1.520000e-06	-9.228479e-10	-1.433161e-09	-5.237828e+00	-3.615817e+02
1.530000e-06	-8.940438e-10	-1.414930e-09	-5.074344e+00	-3.569390e+02
1.540000e-06	-8.651565e-10	-1.395576e-09	-4.910387e+00	-3.522346e+02
1.550000e-06	-8.361951e-10	-1.376008e-09	-4.746010e+00	-3.474688e+02
1.560000e-06	-8.071579e-10	-1.356502e-09	-4.581203e+00	-3.426419e+02
1.570000e-06	-7.780427e-10	-1.336930e-09	-4.415953e+00	-3.377544e+02
1.580000e-06	-7.488568e-10	-1.317199e-09	-4.250302e+00	-3.328068e+02
1.590000e-06	-7.196049e-10	-1.297634e-09	-4.084276e+00	-3.277994e+02
1.600000e-06	-6.902892e-10	-1.278279e-09	-3.917889e+00	-3.227325e+02
1.610000e-06	-6.609165e-10	-1.258770e-09	-3.751178e+00	-3.176061e+02
1.620000e-06	-6.314900e-10	-1.238499e-09	-3.584161e+00	-3.124202e+02
1.630000e-06	-6.020127e-10	-1.216944e-09	-3.416856e+00	-3.071742e+02
1.640000e-06	-5.724895e-10	-1.194783e-09	-3.249290e+00	-3.018673e+02
1.650000e-06	-5.429185e-10	-1.172924e-09	-3.081454e+00	-2.964987e+02
1.660000e-06	-5.133029e-10	-1.151180e-09	-2.913364e+00	-2.910672e+02
1.670000e-06	-4.836469e-10	-1.129432e-09	-2.745045e+00	-2.855715e+02
1.680000e-06	-4.539497e-10	-1.107800e-09	-2.576492e+00	-2.800102e+02
1.690000e-06	-4.242150e-10	-1.085998e-09	-2.407725e+00	-2.743818e+02
1.700000e-06	-3.944451e-10	-1.063852e-09	-2.238760e+00	-2.686851e+02
1.710000e-06	-3.646478e-10	-1.040888e-09	-2.069638e+00	-2.629186e+02
1.720000e-06	-3.348300e-10	-1.016940e-09	-1.900401e+00	-2.570812e+02
1.730000e-06	-3.049941e-10	-9.926012e-10	-1.731061e+00	-2.511717e+02
1.740000e-06	-2.751419e-10	-9.683005e-10	-1.561628e+00	-2.451893e+02
1.750000e-06	-2.452781e-10	-9.441216e-10	-1.392129e+00	-2.391329e+02
1.760000e-06	-2.154042e-10	-9.200464e-10	-1.222573e+00	-2.330020e+02
1.770000e-06	-1.855182e-10	-8.959703e-10	-1.052949e+00	-2.267958e+02
1.780000e-06	-1.556227e-10	-8.714018e-10	-8.832701e-01	-2.205138e+02
1.790000e-06	-1.257203e-10	-8.461294e-10	-7.135521e-01	-2.141555e+02
1.800000e-06	-9.580988e-11	-8.207135e-10	-5.437890e-01	-2.077204e+02
1.810000e-06	-6.589210e-11	-7.951925e-10	-3.739839e-01	-2.012081e+02
1.820000e-06	-3.597310e-11	-7.691327e-10	-2.041720e-01	-1.946184e+02
1.830000e-06	-6.049557e-12	-7.427350e-10	-3.433423e-02	-1.879513e+02
1.840000e-06	2.387851e-11	-7.162206e-10	1.355292e-01	-1.812068e+02
1.850000e-06	5.380394e-11	-6.894409e-10	3.053776e-01	-1.743853e+02
1.860000e-06	8.372326e-11	-6.624639e-10	4.751914e-01	-1.674875e+02
1.870000e-06	1.136345e-10	-6.353431e-10	6.449592e-01	-1.605145e+02
1.880000e-06	1.435357e-10	-6.076891e-10	8.146703e-01	-1.534679e+02
1.890000e-06	1.734245e-10	-5.795585e-10	9.843105e-01	-1.463497e+02
1.900000e-06	2.032977e-10	-5.512686e-10	1.153862e+00	-1.391622e+02
1.910000e-06	2.331555e-10	-5.227021e-10	1.323327e+00	-1.319084e+02
1.920000e-06	2.629990e-10	-4.938830e-10	1.492711e+00	-1.245916e+02
1.930000e-06	2.928285e-10	-4.647555e-10	1.662015e+00	-1.172155e+02
1.940000e-06	3.226402e-10	-4.351857e-10	1.831218e+00	-1.097841e+02
1.950000e-06	3.524296e-10	-4.055087e-10	2.000294e+00	-1.023015e+02
1.960000e-06	3.821956e-10	-3.759395e-10	2.169237e+00	-9.477203e+01
1.970000e-06	4.119365e-10	-3.463108e-10	2.338039e+00	-8.719995e+01
1.980000e-06	4.416521e-10	-3.166166e-10	2.506696e+00	-7.958944e+01
1.990000e-06	4.713367e-10	-2.867112e-10	2.675178e+00	-7.194448e+01
2.000000e-06	5.009806e-10	-2.564781e-10	2.843428e+00	-6.426884e+01
2.010000e-06	5.305766e-10	-2.263811e-10	3.011407e+00	-5.656602e+01
2.020000e-06	5.601252e-10	-1.962932e-10	3.179116e+00	-4.883917e+01
2.030000e-06	5.896226e-10	-1.656639e-10	3.346536e+00	-4.109120e+01
2.040000e-06	6.190612e-10	-1.348014e-10	3.513621e+00	-3.332470e+01
2.050000e-06	6.484447e-10	-1.041965e-10	3.680394e+00	-2.554205e+01
2.060000e-06	6.777734e-10	-7.365739e-11	3.846855e+00	-1.774542e+01
2.070000e-06	7.070410e-10	-4.279452e-11	4.012970e+00	-9.936898e+00
2.080000e-06	7.362434e-10	-1.176748e-11	4.178715e+00	-2.118471e+00
2.090000e-06	7.653795e-10	1.918577e-11	4.344083e+00	5.707852e+00
2.100000e-06	7.944492e-10	5.012110e-11	4.509075e+00	1.354002e+01
2.110000e-06	8.234488e-10	8.099328e-11	4.673668e+00	2.137589e+01
2.120000e-06	8.523726e-10	1.117635e-10	4.837832e+00	2.921320e+01
2.130000e-06	8.812194e-10	1.427147e-10	5.001558e+00	3.704958e+01
2.140000e-06	9.099874e-10	1.737256e-10	5.164837e+00	4.488252e+01
2.150000e-06	9.386783e-10	2.044289e-10	5.327679e+00	5.270942e+01
2.160000e-06	9.672983e-10	2.352398e-10	5.490118e+00	6.052757e+01
2.170000e-06	9.958485e-10	2.665277e-10	5.652161e+00	6.833425e+01
2.180000e-06	1.024335e-09	2.978548e-10	5.813842e+00	7.612670e+01
2.190000e-06	1.052766e-09	3.285613e-10	5.975207e+00	8.390220e+01
2.200000e-06	1.081142e-09	3.587881e-10	6.136263e+00	9.165807e+01
2.210000e-06	1.109471e-09	3.891232e-10	6.297050e+00	9.939175e+01
2.220000e-06	1.137759e-09	4.195894e-10	6.457607e+00	1.071008e+02
2.230000e-06	1.166008e-09	4.500124e-10	6.617942e+00	1.147828e+02
2.240000e-06	1.194222e-09	4.801119e-10	6.778074e+00	1.224355e+02
2.250000e-06	1.222406e-09	5.099269e-10	6.938040e+00	1.300570e+02
2.260000e-06	1.250564e-09	5.400298e-10	7.097855e+00	1.376453e+02
2.270000e-06	1.278693e-09	5.704690e-10	7.257510e+00	1.451986e+02
2.280000e-06	1.306792e-09	6.006191e-10	7.416990e+00	1.527153e+02
2.290000e-06	1.334857e-09	6.301616e-10	7.576282e+00	1.601937e+02
2.300000e-06	1.362882e-09	6.591364e-10	7.735341e+00	1.676326e+02
2.310000e-06	1.390858e-09	6.877266e-10	7.894125e+00	1.750304e+02
2.320000e-06	1.418777e-09	7.164439e-10	8.052586e+00	1.823861e+02
2.330000e-06	1.446625e-09	7.451178e-10	8.210645e+00	1.896984e+02
2.340000e-06	1.474384e-09	7.732462e-10	8.368195e+00	1.969663e+02
2.350000e-06	1.502035e-09	8.012333e-10	8.525137e+00	2.041886e+02
2.360000e-06	1.529558e-09	8.298191e-10	8.681345e+00	2.113645e+02
2.370000e-06	1.556924e-09	8.588032e-10	8.836667e+00	2.184928e+02
2.380000e-06	1.584112e-09	8.869736e-10	8.990980e+00	2.255727e+02
2.390000e-06	1.611105e-09	9.139398e-10	9.144187e+00	2.326030e+02
2.400000e-06	1.637885e-09	9.406845e-10	9.296182e+00	2.395827e+02
2.410000e-06	1.664428e-09	9.678847e-10	9.446831e+00	2.465108e+02
2.420000e-06	1.690729e-09	9.952010e-10	9.596109e+00	2.533860e+02
2.430000e-06	1.716791e-09	1.022242e-09	9.744029e+00	2.602070e+02
2.440000e-06	1.742617e-09	1.049079e-09	9.890610e+00	2.669726e+02
2.450000e-06	1.768214e-09	1.075688e-09	1.003589e+01	2.736814e+02
2.460000e-06	1.793588e-09	1.101963e-09	1.017991e+01	2.803318e+02
2.470000e-06	1.818755e-09	1.127685e-09	1.032275e+01	2.869225e+02
2.480000e-06	1.843739e-09	1.152748e-09	1.046455e+01	2.934518e+02
2.490000e-06	1.868555e-09	1.177785e-09	1.060540e+01	2.999184e+02
2.500000e-06	1.893223e-09	1.203008e-09	1.074541e+01	3.063208e+02
2.510000e-06	1.917760e-09	1.228007e-09	1.088468e+01	3.126579e+02
2.520000e-06	1.942184e-09	1.252756e-09	1.102330e+01	3.189283e+02
2.530000e-06	1.966508e-09	1.277244e-09	1.116136e+01	3.251311e+02
2.540000e-06	1.990742e-09	1.301086e-09	1.129890e+01	3.312656e+02
2.550000e-06	2.014896e-09	1.324523e-09	1.143599e+01	3.373311e+02
2.560000e-06	2.038967e-09	1.348181e-09	1.157261e+01	3.433273e+02
2.570000e-06	2.062945e-09	1.371704e-09	1.170870e+01	3.492538e+02
2.580000e-06	2.086818e-09	1.394927e-09	1.184420e+01	3.551106e+02
2.590000e-06	2.110564e-09	1.418107e-09	1.197898e+01	3.608979e+02
2.600000e-06	2.134166e-09	1.440833e-09	1.211293e+01	3.666158e+02
2.610000e-06	2.157605e-09	1.463082e-09	1.224597e+01	3.722646e+02
2.620000e-06	2.180865e-09	1.484953e-09	1.237799e+01	3.778445e+02
2.630000e-06	2.203946e-09	1.506033e-09	1.250899e+01	3.833558e+02
2.640000e-06	2.226847e-09	1.526646e-09	1.263897e+01	3.887988e+02
2.650000e-06	2.249569e-09	1.547689e-09	1.276793e+01	3.941735e+02
2.660000e-06	2.272127e-09	1.569110e-09	1.289596e+01	3.994801e+02
2.670000e-06	2.294541e-09	1.590270e-09	1.302318e+01	4.047184e+02
2.680000e-06	2.316821e-09	1.611056e-09	1.314963e+01	4.098883e+02
2.690000e-06	2.338972e-09	1.631489e-09	1.327536e+01	4.149895e+02
2.700000e-06	2.360993e-09	1.651354e-09	1.340034e+01	4.200214e+02
2.710000e-06	2.382868e-09	1.670694e-09	1.352450e+01	4.249837e+02
2.720000e-06	2.404581e-09	1.689577e-09	1.364774e+01	4.298756e+02
2.730000e-06	2.426115e-09	1.708177e-09	1.376995e+01	4.346965e+02
2.740000e-06	2.447453e-09	1.726991e-09	1.389107e+01	4.394458e+02
2.750000e-06	2.468587e-09	1.746061e-09	1.401102e+01	4.441226e+02
2.760000e-06	2.489519e-09	1.764951e-09	1.412982e+01	4.487262e+02
2.770000e-06	2.510263e-09	1.783083e-09	1.424756e+01	4.532560e+02
2.780000e-06	2.530838e-09	1.800390e-09	1.436433e+01	4.577114e+02
2.790000e-06	2.551271e-09	1.817424e-09	1.448031e+01	4.620919e+02
2.800000e-06	2.571593e-09	1.834490e-09	1.459565e+01	4.663970e+02
2.810000e-06	2.591823e-09	1.851156e-09	1.471047e+01	4.706266e+02
2.820000e-06	2.611972e-09	1.867112e-09	1.482483e+01	4.747805e+02
2.830000e-06	2.632041e-09	1.882876e-09	1.493873e+01	4.788589e+02
2.840000e-06	2.652015e-09	1.898834e-09	1.505210e+01	4.828621e+02
2.850000e-06	2.671872e-09	1.914813e-09	1.516481e+01	4.867905e+02
2.860000e-06	2.691578e-09	1.930711e-09	1.527665e+01	4.906449e+02
2.870000e-06	2.711093e-09	1.946136e-09	1.538741e+01	4.944262e+02
2.880000e-06	2.730385e-09	1.960598e-09	1.549691e+01	4.981356e+02
2.890000e-06	2.749434e-09	1.974556e-09	1.560503e+01	5.017742e+02
2.900000e-06	2.768227e-09	1.988372e-09	1.571169e+01	5.053437e+02
2.910000e-06	2.786763e-09	2.001806e-09	1.581689e+01	5.088453e+02
2.920000e-06	2.805058e-09	2.014904e-09	1.592073e+01	5.122809e+02
2.930000e-06	2.823130e-09	2.028055e-09	1.602330e+01	5.156518e+02
2.940000e-06	2.841003e-09	2.041506e-09	1.612474e+01	5.189598e+02
2.950000e-06	2.858708e-09	2.055056e-09	1.622523e+01	5.222064e+02
2.960000e-06	2.876261e-09	2.068156e-09	1.632486e+01	5.253930e+02
2.970000e-06	2.893664e-09	2.080437e-09	1.642364e+01	5.285208e+02
2.980000e-06	2.910917e-09	2.092175e-09	1.652156e+01	5.315912e+02
2.990000e-06	2.928015e-09	2.103833e-09	1.661860e+01	5.346053e+02
3.000000e-06	2.944932e-09	2.115512e-09	1.671462e+01	5.375640e+02
3.010000e-06	2.961643e-09	2.127039e-09	1.680947e+01	5.404684e+02
3.020000e-06	2.978116e-09	2.138429e-09	1.690296e+01	5.433193e+02
3.030000e-06	2.994310e-09	2.149742e-09	1.699487e+01	5.461177e+02
3.040000e-06	3.010202e-09	2.160861e-09	1.708507e+01	5.488645e+02
3.050000e-06	3.025772e-09	2.171821e-09	1.717344e+01	5.515608e+02
3.060000e-06	3.041019e-09	2.182668e-09	1.725998e+01	5.542077e+02
3.070000e-06	3.055969e-09	2.193213e-09	1.734483e+01	5.568064e+02
3.080000e-06	3.070654e-09	2.203323e-09	1.742818e+01	5.593583e+02
3.090000e-06	3.085107e-09	2.213311e-09	1.751021e+01	5.618648e+02
3.100000e-06	3.099351e-09	2.223237e-09	1.759106e+01	5.643274e+02
3.110000e-06	3.113392e-09	2.232755e-09	1.767075e+01	5.667475e+02
3.120000e-06	3.127221e-09	2.242183e-09	1.774924e+01	5.691265e+02
3.130000e-06	3.140820e-09	2.251813e-09	1.782642e+01	5.714658e+02
3.140000e-06	3.154176e-09	2.261308e-09	1.790223e+01	5.737666e+02
3.150000e-06	3.167274e-09	2.270246e-09	1.797657e+01	5.760296e+02
3.160000e-06	3.180123e-09	2.278507e-09	1.804950e+01	5.782557e+02
3.170000e-06	3.192746e-09	2.286441e-09	1.812114e+01	5.804452e+02
3.180000e-06	3.205164e-09	2.294566e-09	1.819162e+01	5.825981e+02
3.190000e-06	3.217399e-09	2.303458e-09	1.826107e+01	5.847144e+02
3.200000e-06	3.229453e-09	2.312750e-09	1.832948e+01	5.867937e+02
3.210000e-06	3.241305e-09	2.321285e-09	1.839675e+01	5.888353e+02
3.220000e-06	3.252920e-09	2.328678e-09	1.846267e+01	5.908387e+02
3.230000e-06	3.264242e-09	2.335729e-09	1.852693e+01	5.928031e+02
3.240000e-06	3.275215e-09	2.343342e-09	1.858921e+01	5.947280e+02
3.250000e-06	3.285793e-09	2.351137e-09	1.864925e+01	5.966127e+02
3.260000e-06	3.295953e-09	2.358581e-09	1.870692e+01	5.984570e+02
3.270000e-06	3.305704e-09	2.365943e-09	1.876226e+01	6.002608e+02
3.280000e-06	3.315066e-09	2.373259e-09	1.881539e+01	6.020242e+02
3.290000e-06	3.324084e-09	2.380116e-09	1.886658e+01	6.037476e+02
3.300000e-06	3.332822e-09	2.386412e-09	1.891617e+01	6.054317e+02
3.310000e-06	3.341340e-09	2.392526e-09	1.896452e+01	6.070773e+02
3.320000e-06	3.349685e-09	2.398837e-09	1.901188e+01	6.086855e+02
3.330000e-06	3.357894e-09	2.405288e-09	1.905848e+01	6.102572e+02
3.340000e-06	3.365977e-09	2.411799e-09	1.910435e+01	6.117937e+02
3.350000e-06	3.373918e-09	2.418538e-09	1.914942e+01	6.132959e+02
3.360000e-06	3.381681e-09	2.425125e-09	1.919348e+01	6.147648e+02
3.370000e-06	3.389220e-09	2.430864e-09	1.923627e+01	6.162012e+02
3.380000e-06	3.396504e-09	2.435965e-09	1.927761e+01	6.176057e+02
3.390000e-06	3.403523e-09	2.441135e-09	1.931745e+01	6.189788e+02
3.400000e-06	3.410283e-09	2.446555e-09	1.935582e+01	6.203206e+02
3.410000e-06	3.416803e-09	2.451776e-09	1.939283e+01	6.216312e+02
3.420000e-06	3.423105e-09	2.456783e-09	1.942859e+01	6.229106e+02
3.430000e-06	3.429190e-09	2.461999e-09	1.946313e+01	6.241586e+02
3.440000e-06	3.435049e-09	2.467182e-09	1.949638e+01	6.253750e+02
3.450000e-06	3.440660e-09	2.472041e-09	1.952823e+01	6.265596e+02
3.460000e-06	3.446005e-09	2.476710e-09	1.955857e+01	6.277122e+02
3.470000e-06	3.451082e-09	2.481199e-09	1.958738e+01	6.288325e+02
3.480000e-06	3.455905e-09	2.485469e-09	1.961475e+01	6.299205e+02
3.490000e-06	3.460505e-09	2.490001e-09	1.964086e+01	6.309760e+02
3.500000e-06	3.464921e-09	2.494789e-09	1.966593e+01	6.319988e+02
3.510000e-06	3.469197e-09	2.498769e-09	1.969020e+01	6.329889e+02
3.520000e-06	3.473351e-09	2.502082e-09	1.971378e+01	6.339459e+02
3.530000e-06	3.477372e-09	2.505746e-09	1.973660e+01	6.348696e+02
3.540000e-06	3.481231e-09	2.509447e-09	1.975850e+01	6.357596e+02
3.550000e-06	3.484877e-09	2.512810e-09	1.977920e+01	6.366152e+02
3.560000e-06	3.488246e-09	2.516114e-09	1.979831e+01	6.374359e+02
3.570000e-06	3.491281e-09	2.519281e-09	1.981554e+01	6.382209e+02
3.580000e-06	3.493934e-09	2.522140e-09	1.983060e+01	6.389695e+02
3.590000e-06	3.496175e-09	2.525145e-09	1.984332e+01	6.396808e+02
3.600000e-06	3.497989e-09	2.528016e-09	1.985362e+01	6.403542e+02
3.610000e-06	3.499400e-09	2.530341e-09	1.986162e+01	6.409892e+02
3.620000e-06	3.500456e-09	2.532742e-09	1.986761e+01	6.415855e+02
3.630000e-06	3.501216e-09	2.535223e-09	1.987193e+01	6.421430e+02
3.640000e-06	3.501745e-09	2.537539e-09	1.987493e+01	6.426621e+02
3.650000e-06	3.502094e-09	2.539667e-09	1.987691e+01	6.431435e+02
3.660000e-06	3.502298e-09	2.541240e-09	1.987807e+01	6.435880e+02
3.670000e-06	3.502360e-09	2.542372e-09	1.987842e+01	6.439970e+02
3.680000e-06	3.502263e-09	2.544272e-09	1.987787e+01	6.443720e+02
3.690000e-06	3.501971e-09	2.547440e-09	1.987622e+01	6.447145e+02
3.700000e-06	3.501442e-09	2.549490e-09	1.987321e+01	6.450262e+02
3.710000e-06	3.500641e-09	2.551497e-09	1.986866e+01	6.453088e+02
3.720000e-06	3.499554e-09	2.552070e-09	1.986249e+01	6.455636e+02
3.730000e-06	3.498184e-09	2.551959e-09	1.985472e+01	6.457918e+02
3.740000e-06	3.496523e-09	2.554829e-09	1.984529e+01	6.459941e+02
3.750000e-06	3.494544e-09	2.543173e-09	1.983406e+01	6.461711e+02
3.760000e-06	3.492268e-09	2.529917e-09	1.982114e+01	6.463227e+02
3.770000e-06	3.489779e-09	2.547966e-09	1.980702e+01	6.464484e+02
3.780000e-06	3.487157e-09	2.567210e-09	1.979214e+01	6.465478e+02
3.790000e-06	3.484424e-09	2.553817e-09	1.977662e+01	6.466196e+02
3.800000e-06	3.481530e-09	2.545219e-09	1.976020e+01	6.466630e+02
3.810000e-06	3.478417e-09	2.564817e-09	1.974252e+01	6.466766e+02
3.820000e-06	3.475062e-09	2.566704e-09	1.972349e+01	6.466593e+02
3.830000e-06	3.471492e-09	2.541642e-09	1.970322e+01	6.466103e+02
3.840000e-06	3.467751e-09	2.536283e-09	1.968199e+01	6.465288e+02
3.850000e-06	3.463867e-09	2.550499e-09	1.965994e+01	6.464145e+02
3.860000e-06	3.459821e-09	2.548874e-09	1.963698e+01	6.462673e+02
3.870000e-06	3.455585e-09	2.539283e-09	1.961294e+01	6.460875e+02
3.880000e-06	3.451125e-09	2.545493e-09	1.958762e+01	6.458756e+02
3.890000e-06	3.446374e-09	2.555870e-09	1.956066e+01	6.456324e+02
3.900000e-06	3.441223e-09	2.552890e-09	1.953142e+01	6.453590e+02
3.910000e-06	3.435578e-09	2.540657e-09	1.949938e+01	6.450562e+02
3.920000e-06	3.429436e-09	2.530968e-09	1.946452e+01	6.447250e+02
3.930000e-06	3.422877e-09	2.532593e-09	1.942730e+01	6.443664e+02
3.940000e-06	3.415989e-09	2.539898e-09	1.938820e+01	6.439808e+02
3.950000e-06	3.408825e-09	2.539254e-09	1.934754e+01	6.435687e+02
3.960000e-06	3.401425e-09	2.533564e-09	1.930554e+01	6.431304e+02
3.970000e-06	3.393829e-09	2.535530e-09	1.926243e+01	6.426655e+02
3.980000e-06	3.386079e-09	2.537736e-09	1.921844e+01	6.421740e+02
3.990000e-06	3.378183e-09	2.526153e-09	1.917363e+01	6.416554e+02
4.000000e-06	3.370136e-09	2.512973e-09	1.912795e+01	6.411093e+02
4.010000e-06	3.361918e-09	2.516550e-09	1.908131e+01	6.405351e+02
4.020000e-06	3.353497e-09	2.526006e-09	1.903351e+01	6.399327e+02
4.030000e-06	3.344830e-09	2.522201e-09	1.898433e+01	6.393019e+02
4.040000e-06	3.335890e-09	2.512080e-09	1.893358e+01	6.386429e+02
4.050000e-06	3.326679e-09	2.511342e-09	1.888131e+01	6.379560e+02
4.060000e-06	3.317226e-09	2.513733e-09	1.882765e+01	6.372418e+02
4.070000e-06	3.307555e-09	2.504789e-09	1.877276e+01	6.365012e+02
4.080000e-06	3.297686e-09	2.492561e-09	1.871675e+01	6.357350e+02
4.090000e-06	3.287638e-09	2.493574e-09	1.865972e+01	6.349443e+02
4.100000e-06	3.277393e-09	2.500629e-09	1.860157e+01	6.341300e+02
4.110000e-06	3.266910e-09	2.497018e-09	1.854207e+01	6.332929e+02
4.120000e-06	3.256157e-09	2.488392e-09	1.848104e+01	6.324334e+02
4.130000e-06	3.245129e-09	2.486979e-09	1.841845e+01	6.315518e+02
4.140000e-06	3.233836e-09	2.484529e-09	1.835435e+01	6.306478e+02
4.150000e-06	3.222299e-09	2.472803e-09	1.828887e+01	6.297208e+02
4.160000e-06	3.210539e-09	2.465889e-09	1.822212e+01	6.287699e+02
4.170000e-06	3.198563e-09	2.470677e-09	1.815415e+01	6.277939e+02
4.180000e-06	3.186365e-09	2.470418e-09	1.808492e+01	6.267912e+02
4.190000e-06	3.173904e-09	2.460650e-09	1.801420e+01	6.257601e+02
4.200000e-06	3.161133e-09	2.457293e-09	1.794171e+01	6.246992e+02
4.210000e-06	3.148008e-09	2.459317e-09	1.786721e+01	6.236068e+02
4.220000e-06	3.134483e-09	2.450498e-09	1.779045e+01	6.224818e+02
4.230000e-06	3.120540e-09	2.436988e-09	1.771131e+01	6.213232e+02
4.240000e-06	3.106199e-09	2.435394e-09	1.762992e+01	6.201306e+02
4.250000e-06	3.091506e-09	2.437527e-09	1.754653e+01	6.189037e+02
4.260000e-06	3.076501e-09	2.430483e-09	1.746136e+01	6.176431e+02
4.270000e-06	3.061228e-09	2.423822e-09	1.737468e+01	6.163494e+02
4.280000e-06	3.045742e-09	2.423598e-09	1.728678e+01	6.150237e+02
4.290000e-06	3.030096e-09	2.417106e-09	1.719798e+01	6.136674e+02
4.300000e-06	3.014324e-09	2.404046e-09	1.710846e+01	6.122818e+02
4.310000e-06	2.998439e-09	2.399138e-09	1.701830e+01	6.108684e+02
4.320000e-06	2.982431e-09	2.399091e-09	1.692745e+01	6.094284e+02
4.330000e-06	2.966272e-09	2.391410e-09	1.683573e+01	6.079630e+02
4.340000e-06	2.949921e-09	2.382621e-09	1.674293e+01	6.064729e+02
4.350000e-06	2.933350e-09	2.380911e-09	1.664888e+01	6.049585e+02
4.360000e-06	2.916548e-09	2.376349e-09	1.655351e+01	6.034199e+02
4.370000e-06	2.899504e-09	2.365026e-09	1.645678e+01	6.018568e+02
4.380000e-06	2.882235e-09	2.357712e-09	1.635876e+01	6.002688e+02
4.390000e-06	2.864771e-09	2.354386e-09	1.625964e+01	5.986549e+02
4.400000e-06	2.847133e-09	2.346883e-09	1.615953e+01	5.970144e+02
4.410000e-06	2.829328e-09	2.339382e-09	1.605847e+01	5.953461e+02
4.420000e-06	2.811361e-09	2.336190e-09	1.595650e+01	5.936492e+02
4.430000e-06	2.793224e-09	2.329325e-09	1.585356e+01	5.919228e+02
4.440000e-06	2.774894e-09	2.317471e-09	1.574952e+01	5.901663e+02
4.450000e-06	2.756343e-09	2.309621e-09	1.564423e+01	5.883791e+02
4.460000e-06	2.737565e-09	2.305029e-09	1.553765e+01	5.865611e+02
4.470000e-06	2.718570e-09	2.297484e-09	1.542984e+01	5.847123e+02
4.480000e-06	2.699374e-09	2.290372e-09	1.532089e+01	5.828328e+02
4.490000e-06	2.680003e-09	2.285655e-09	1.521095e+01	5.809229e+02
4.500000e-06	2.660491e-09	2.277521e-09	1.510020e+01	5.789830e+02
4.510000e-06	2.640862e-09	2.266463e-09	1.498880e+01	5.770135e+02
4.520000e-06	2.621142e-09	2.257443e-09	1.487687e+01	5.750147e+02
4.530000e-06	2.601344e-09	2.248602e-09	1.476450e+01	5.729869e+02
4.540000e-06	2.581465e-09	2.238764e-09	1.465167e+01	5.709303e+02
4.550000e-06	2.561491e-09	2.232112e-09	1.453830e+01	5.688448e+02
4.560000e-06	2.541397e-09	2.227634e-09	1.442426e+01	5.667305e+02
4.570000e-06	2.521145e-09	2.220573e-09	1.430931e+01	5.645870e+02
4.580000e-06	2.500684e-09	2.211273e-09	1.419318e+01	5.624141e+02
4.590000e-06	2.479971e-09	2.201110e-09	1.407562e+01	5.602116e+02
4.600000e-06	2.458974e-09	2.189109e-09	1.395645e+01	5.579791e+02
4.610000e-06	2.437661e-09	2.177518e-09	1.383548e+01	5.557165e+02
4.620000e-06	2.416024e-09	2.169679e-09	1.371267e+01	5.534236e+02
4.630000e-06	2.394072e-09	2.162966e-09	1.358808e+01	5.511004e+02
4.640000e-06	2.371819e-09	2.154239e-09	1.346178e+01	5.487469e+02
4.650000e-06	2.349272e-09	2.145223e-09	1.333381e+01	5.463635e+02
4.660000e-06	2.326447e-09	2.136381e-09	1.320426e+01	5.439501e+02
4.670000e-06	2.303373e-09	2.125444e-09	1.307330e+01	5.415073e+02
4.680000e-06	2.280092e-09	2.113293e-09	1.294116e+01	5.390351e+02
4.690000e-06	2.256648e-09	2.102300e-09	1.280810e+01	5.365338e+02
4.700000e-06	2.233084e-09	2.092180e-09	1.267436e+01	5.340036e+02
4.710000e-06	2.209432e-09	2.082720e-09	1.254012e+01	5.314442e+02
4.720000e-06	2.185705e-09	2.074351e-09	1.240545e+01	5.288556e+02
4.730000e-06	2.161907e-09	2.065030e-09	1.227038e+01	5.262375e+02
4.740000e-06	2.138043e-09	2.053158e-09	1.213493e+01	5.235892e+02
4.750000e-06	2.114105e-09	2.040534e-09	1.199907e+01	5.209104e+02
4.760000e-06	2.090079e-09	2.028744e-09	1.186270e+01	5.182002e+02
4.770000e-06	2.065950e-09	2.017547e-09	1.172575e+01	5.154580e+02
4.780000e-06	2.041701e-09	2.006994e-09	1.158812e+01	5.126833e+02
4.790000e-06	2.017312e-09	1.997117e-09	1.144970e+01	5.098753e+02
4.800000e-06	1.992768e-09	1.986978e-09	1.131039e+01	5.070336e+02
4.810000e-06	1.968061e-09	1.976103e-09	1.117016e+01	5.041580e+02
4.820000e-06	1.943183e-09	1.964516e-09	1.102896e+01	5.012482e+02
4.830000e-06	1.918131e-09	1.951816e-09	1.088677e+01	4.983041e+02
4.840000e-06	1.892912e-09	1.938824e-09	1.074364e+01	4.953259e+02
4.850000e-06	1.867548e-09	1.926781e-09	1.059968e+01	4.923134e+02
4.860000e-06	1.842057e-09	1.915408e-09	1.045499e+01	4.892670e+02
4.870000e-06	1.816448e-09	1.904076e-09	1.030965e+01	4.861866e+02
4.880000e-06	1.790732e-09	1.892497e-09	1.016369e+01	4.830722e+02
4.890000e-06	1.764916e-09	1.880171e-09	1.001717e+01	4.799235e+02
4.900000e-06	1.739001e-09	1.866922e-09	9.870078e+00	4.767404e+02
4.910000e-06	1.712979e-09	1.853450e-09	9.722386e+00	4.735221e+02
4.920000e-06	1.686843e-09	1.840130e-09	9.574043e+00	4.702681e+02
4.930000e-06	1.660583e-09	1.826728e-09	9.424999e+00	4.669774e+02
4.940000e-06	1.634190e-09	1.813443e-09	9.275204e+00	4.636489e+02
4.950000e-06	1.607656e-09	1.800913e-09	9.124602e+00	4.602818e+02
4.960000e-06	1.580977e-09	1.788474e-09	8.973180e+00	4.568748e+02
4.970000e-06	1.554155e-09	1.775170e-09	8.820943e+00	4.534269e+02
4.980000e-06	1.527191e-09	1.760981e-09	8.667903e+00	4.499371e+02
4.990000e-06	1.500090e-09	1.746164e-09	8.514089e+00	4.464047e+02
5.000000e-06	1.472867e-09	1.731464e-09	8.359576e+00	4.428288e+02
5.010000e-06	1.445539e-09	1.717513e-09	8.204468e+00	4.392090e+02
5.020000e-06	1.418118e-09	1.703802e-09	8.048838e+00	4.355448e+02
5.030000e-06	1.390617e-09	1.689433e-09	7.892747e+00	4.318360e+02
5.040000e-06	1.363048e-09	1.674485e-09	7.736273e+00	4.280823e+02
5.050000e-06	1.335422e-09	1.659449e-09	7.579476e+00	4.242834e+02
5.060000e-06	1.307747e-09	1.644135e-09	7.422398e+00	4.204390e+02
5.070000e-06	1.280026e-09	1.628372e-09	7.265066e+00	4.165486e+02
5.080000e-06	1.252266e-09	1.612582e-09	7.107504e+00	4.126116e+02
5.090000e-06	1.224469e-09	1.596878e-09	6.949739e+00	4.086272e+02
5.100000e-06	1.196639e-09	1.581383e-09	6.791779e+00	4.045942e+02
5.110000e-06	1.168772e-09	1.566047e-09	6.633615e+00	4.005113e+02
5.120000e-06	1.140868e-09	1.549957e-09	6.475239e+00	3.963773e+02
5.130000e-06	1.112926e-09	1.532659e-09	6.316650e+00	3.921903e+02
5.140000e-06	1.084945e-09	1.514784e-09	6.157834e+00	3.879489e+02
5.150000e-06	1.056921e-09	1.497303e-09	5.998781e+00	3.836514e+02
5.160000e-06	1.028852e-09	1.480281e-09	5.839465e+00	3.792963e+02
5.170000e-06	1.000729e-09	1.463193e-09	5.679849e+00	3.748822e+02
5.180000e-06	9.725512e-10	1.445995e-09	5.519919e+00	3.704080e+02
5.190000e-06	9.443122e-10	1.428342e-09	5.359642e+00	3.658730e+02
5.200000e-06	9.160054e-10	1.410015e-09	5.198981e+00	3.612765e+02
5.210000e-06	8.876279e-10	1.391554e-09	5.037918e+00	3.566183e+02
5.220000e-06	8.591699e-10	1.373056e-09	4.876398e+00	3.518985e+02
5.230000e-06	8.306226e-10	1.354103e-09	4.714372e+00	3.471173e+02
5.240000e-06	8.019844e-10	1.334712e-09	4.551830e+00	3.422752e+02
5.250000e-06	7.732544e-10	1.315436e-09	4.388766e+00	3.373726e+02
5.260000e-06	7.444355e-10	1.296324e-09	4.225198e+00	3.324099e+02
5.270000e-06	7.155349e-10	1.277104e-09	4.061167e+00	3.273875e+02
5.280000e-06	6.865532e-10	1.257679e-09	3.896676e+00	3.223057e+02
5.290000e-06	6.574917e-10	1.237631e-09	3.731731e+00	3.171645e+02
5.300000e-06	6.283551e-10	1.217094e-09	3.566360e+00	3.119635e+02
5.310000e-06	5.991437e-10	1.196769e-09	3.400564e+00	3.067023e+02
5.320000e-06	5.698585e-10	1.176340e-09	3.234350e+00	3.013800e+02
5.330000e-06	5.405018e-10	1.154993e-09	3.067730e+00	2.959957e+02
5.340000e-06	5.110686e-10	1.133158e-09	2.900676e+00	2.905482e+02
5.350000e-06	4.815590e-10	1.111780e-09	2.733188e+00	2.850361e+02
5.360000e-06	4.519794e-10	1.090736e-09	2.565302e+00	2.794580e+02
5.370000e-06	4.223283e-10	1.069431e-09	2.397012e+00	2.738126e+02
5.380000e-06	3.926115e-10	1.047440e-09	2.228348e+00	2.680984e+02
5.390000e-06	3.628391e-10	1.024759e-09	2.059368e+00	2.623141e+02
5.400000e-06	3.330160e-10	1.002163e-09	1.890101e+00	2.564586e+02
5.410000e-06	3.031507e-10	9.795852e-10	1.720594e+00	2.505308e+02
5.420000e-06	2.732477e-10	9.561218e-10	1.550873e+00	2.445298e+02
5.430000e-06	2.433060e-10	9.319278e-10	1.380933e+00	2.384547e+02
5.440000e-06	2.133404e-10	9.076782e-10	1.210857e+00	2.323048e+02
5.450000e-06	1.833607e-10	8.832495e-10	1.040701e+00	2.260795e+02
5.460000e-06	1.533672e-10	8.587002e-10	8.704664e-01	2.197783e+02
5.470000e-06	1.233578e-10	8.345174e-10	7.001421e-01	2.134005e+02
5.480000e-06	9.333182e-11	8.101342e-10	5.297232e-01	2.069459e+02
5.490000e-06	6.328865e-11	7.848140e-10	3.592068e-01	2.004141e+02
5.500000e-06	3.322498e-11	7.590438e-10	1.885742e-01	1.938048e+02
5.510000e-06	3.149114e-12	7.329038e-10	1.787230e-02	1.871181e+02
5.520000e-06	-2.692528e-11	7.056874e-10	-1.528212e-01	1.803540e+02
5.530000e-06	-5.699228e-11	6.777397e-10	-3.234728e-01	1.735131e+02
5.540000e-06	-8.705120e-11	6.500604e-10	-4.940785e-01	1.665962e+02
5.550000e-06	-1.170886e-10	6.230636e-10	-6.645620e-01	1.596044e+02
5.560000e-06	-1.471025e-10	5.963115e-10	-8.349122e-01	1.525395e+02
5.570000e-06	-1.770918e-10	5.689615e-10	-1.005123e+00	1.454035e+02
5.580000e-06	-2.070422e-10	5.405356e-10	-1.175113e+00	1.381990e+02
5.590000e-06	-2.369528e-10	5.114425e-10	-1.344877e+00	1.309290e+02
5.600000e-06	-2.668301e-10	4.824000e-10	-1.514451e+00	1.235969e+02
5.610000e-06	-2.966687e-10	4.532613e-10	-1.683806e+00	1.162065e+02
5.620000e-06	-3.264644e-10	4.237732e-10	-1.852918e+00	1.087619e+02
5.630000e-06	-3.562168e-10	3.941520e-10	-2.021784e+00	1.012672e+02
5.640000e-06	-3.859188e-10	3.648536e-10	-2.190364e+00	9.372673e+01
5.650000e-06	-4.155704e-10	3.360633e-10	-2.358658e+00	8.614475e+01
5.660000e-06	-4.451644e-10	3.069284e-10	-2.526625e+00	7.852539e+01
5.670000e-06	-4.746939e-10	2.767037e-10	-2.694226e+00	7.087259e+01
5.680000e-06	-5.041531e-10	2.458328e-10	-2.861427e+00	6.319004e+01
5.690000e-06	-5.335301e-10	2.152252e-10	-3.028163e+00	5.548116e+01
5.700000e-06	-5.628242e-10	1.850926e-10	-3.194427e+00	4.774904e+01
5.710000e-06	-5.920329e-10	1.551525e-10	-3.360208e+00	3.999648e+01
5.720000e-06	-6.211521e-10	1.249642e-10	-3.525479e+00	3.222604e+01
5.730000e-06	-6.501821e-10	9.436040e-11	-3.690246e+00	2.444003e+01
5.740000e-06	-6.791219e-10	6.362438e-11	-3.854499e+00	1.664060e+01
5.750000e-06	-7.079760e-10	3.286100e-11	-4.018267e+00	8.829790e+00
5.760000e-06	-7.367493e-10	1.986319e-12	-4.181576e+00	1.009599e+00
5.770000e-06	-7.654405e-10	-2.898745e-11	-4.344419e+00	-6.817962e+00
5.780000e-06	-7.940493e-10	-5.982382e-11	-4.506794e+00	-1.465082e+01
5.790000e-06	-8.225787e-10	-9.037014e-11	-4.668719e+00	-2.248680e+01
5.800000e-06	-8.510292e-10	-1.209473e-10	-4.830196e+00	-3.032363e+01
5.810000e-06	-8.794022e-10	-1.517987e-10	-4.991233e+00	-3.815888e+01
5.820000e-06	-9.076984e-10	-1.828712e-10	-5.151835e+00	-4.599002e+01
5.830000e-06	-9.359167e-10	-2.140229e-10	-5.311994e+00	-5.381442e+01
5.840000e-06	-9.640650e-10	-2.447276e-10	-5.471756e+00	-6.162938e+01
5.850000e-06	-9.921545e-10	-2.747857e-10	-5.631184e+00	-6.943215e+01
5.860000e-06	-1.020188e-09	-3.049603e-10	-5.790294e+00	-7.721998e+01
5.870000e-06	-1.048172e-09	-3.357123e-10	-5.949126e+00	-8.499017e+01
5.880000e-06	-1.076118e-09	-3.665053e-10	-6.107736e+00	-9.274005e+01
5.890000e-06	-1.104028e-09	-3.970164e-10	-6.266149e+00	-1.004671e+02
5.900000e-06	-1.131905e-09	-4.273874e-10	-6.424369e+00	-1.081688e+02
5.910000e-06	-1.159750e-09	-4.576338e-10	-6.582410e+00	-1.158430e+02
5.920000e-06	-1.187568e-09	-4.875566e-10	-6.740298e+00	-1.234874e+02
5.930000e-06	-1.215358e-09	-5.170143e-10	-6.898027e+00	-1.311000e+02
5.940000e-06	-1.243117e-09	-5.462907e-10	-7.055582e+00	-1.386789e+02
5.950000e-06	-1.270842e-09	-5.758843e-10	-7.212942e+00	-1.462224e+02
5.960000e-06	-1.298525e-09	-6.059188e-10	-7.370061e+00	-1.537288e+02
5.970000e-06	-1.326155e-09	-6.359057e-10	-7.526881e+00	-1.611967e+02
5.980000e-06	-1.353724e-09	-6.653219e-10	-7.683357e+00	-1.686246e+02
5.990000e-06	-1.381221e-09	-6.941663e-10	-7.839422e+00	-1.760112e+02
6.000000e-06	-1.408631e-09	-7.227244e-10	-7.994992e+00	-1.833552e+02
6.010000e-06	-1.435940e-09	-7.511064e-10	-8.149992e+00	-1.906557e+02
6.020000e-06	-1.463140e-09	-7.791789e-10	-8.304373e+00	-1.979114e+02
6.030000e-06	-1.490223e-09	-8.071797e-10	-8.458089e+00	-2.051213e+02
6.040000e-06	-1.517181e-09	-8.356566e-10	-8.611094e+00	-2.122844e+02
6.050000e-06	-1.544003e-09	-8.644866e-10	-8.763328e+00	-2.193998e+02
6.060000e-06	-1.570684e-09	-8.928920e-10	-8.914762e+00	-2.264664e+02
6.070000e-06	-1.597231e-09	-9.203455e-10	-9.065432e+00	-2.334832e+02
6.080000e-06	-1.623643e-09	-9.470076e-10	-9.215343e+00	-2.404492e+02
6.090000e-06	-1.649924e-09	-9.736021e-10	-9.364506e+00	-2.473631e+02
6.100000e-06	-1.676078e-09	-1.000419e-09	-9.512949e+00	-2.542239e+02
6.110000e-06	-1.702113e-09	-1.027095e-09	-9.660716e+00	-2.610302e+02
6.120000e-06	-1.728037e-09	-1.053545e-09	-9.807855e+00	-2.677807e+02
6.130000e-06	-1.753856e-09	-1.079899e-09	-9.954395e+00	-2.744740e+02
6.140000e-06	-1.779568e-09	-1.106138e-09	-1.010033e+01	-2.811085e+02
6.150000e-06	-1.805167e-09	-1.132324e-09	-1.024562e+01	-2.876829e+02
6.160000e-06	-1.830648e-09	-1.158009e-09	-1.039025e+01	-2.941956e+02
6.170000e-06	-1.855998e-09	-1.182618e-09	-1.053413e+01	-3.006452e+02
6.180000e-06	-1.881206e-09	-1.206879e-09	-1.067720e+01	-3.070302e+02
6.190000e-06	-1.906261e-09	-1.231371e-09	-1.081941e+01	-3.133496e+02
6.200000e-06	-1.931150e-09	-1.255732e-09	-1.096067e+01	-3.196020e+02
6.210000e-06	-1.955871e-09	-1.279913e-09	-1.110098e+01	-3.257867e+02
6.220000e-06	-1.980429e-09	-1.304063e-09	-1.124036e+01	-3.319029e+02
6.230000e-06	-2.004829e-09	-1.328192e-09	-1.137885e+01	-3.379499e+02
6.240000e-06	-2.029084e-09	-1.352321e-09	-1.151652e+01	-3.439274e+02
6.250000e-06	-2.053214e-09	-1.375766e-09	-1.165347e+01	-3.498354e+02
6.260000e-06	-2.077242e-09	-1.397899e-09	-1.178984e+01	-3.556736e+02
6.270000e-06	-2.101185e-09	-1.419544e-09	-1.192574e+01	-3.614424e+02
6.280000e-06	-2.125058e-09	-1.441491e-09	-1.206124e+01	-3.671418e+02
6.290000e-06	-2.148869e-09	-1.463480e-09	-1.219638e+01	-3.727721e+02
6.300000e-06	-2.172618e-09	-1.485239e-09	-1.233117e+01	-3.783337e+02
6.310000e-06	-2.196297e-09	-1.506856e-09	-1.246557e+01	-3.838267e+02
6.320000e-06	-2.219889e-09	-1.528518e-09	-1.259947e+01	-3.892514e+02
6.330000e-06	-2.243368e-09	-1.550138e-09	-1.273273e+01	-3.946080e+02
6.340000e-06	-2.266706e-09	-1.571379e-09	-1.286519e+01	-3.998963e+02
6.350000e-06	-2.289870e-09	-1.591796e-09	-1.299666e+01	-4.051164e+02
6.360000e-06	-2.312825e-09	-1.611241e-09	-1.312695e+01	-4.102679e+02
6.370000e-06	-2.335539e-09	-1.630313e-09	-1.325587e+01	-4.153506e+02
6.380000e-06	-2.357985e-09	-1.649662e-09	-1.338327e+01	-4.203640e+02
6.390000e-06	-2.380138e-09	-1.669161e-09	-1.350900e+01	-4.253075e+02
6.400000e-06	-2.401980e-09	-1.688257e-09	-1.363297e+01	-4.301805e+02
6.410000e-06	-2.423504e-09	-1.707239e-09	-1.375513e+01	-4.349824e+02
6.420000e-06	-2.444712e-09	-1.726877e-09	-1.387550e+01	-4.397123e+02
6.430000e-06	-2.465624e-09	-1.746686e-09	-1.399420e+01	-4.443696e+02
6.440000e-06	-2.486267e-09	-1.765147e-09	-1.411136e+01	-4.489536e+02
6.450000e-06	-2.506679e-09	-1.781819e-09	-1.422721e+01	-4.534636e+02
6.460000e-06	-2.526902e-09	-1.797989e-09	-1.434199e+01	-4.578990e+02
6.470000e-06	-2.546978e-09	-1.814816e-09	-1.445594e+01	-4.622594e+02
6.480000e-06	-2.566942e-09	-1.832248e-09	-1.456925e+01	-4.665444e+02
6.490000e-06	-2.586816e-09	-1.849730e-09	-1.468205e+01	-4.707537e+02
6.500000e-06	-2.606611e-09	-1.866652e-09	-1.479440e+01	-4.748874e+02
6.510000e-06	-2.626322e-09	-1.882560e-09	-1.490627e+01	-4.789457e+02
6.520000e-06	-2.645928e-09	-1.897603e-09	-1.501755e+01	-4.829287e+02
6.530000e-06	-2.665398e-09	-1.912391e-09	-1.512806e+01	-4.868373e+02
6.540000e-06	-2.684701e-09	-1.927367e-09	-1.523762e+01	-4.906720e+02
6.550000e-06	-2.703807e-09	-1.942502e-09	-1.534605e+01	-4.944340e+02
6.560000e-06	-2.722694e-09	-1.957457e-09	-1.545325e+01	-4.981243e+02
6.570000e-06	-2.741358e-09	-1.972217e-09	-1.555918e+01	-5.017443e+02
6.580000e-06	-2.759805e-09	-1.986779e-09	-1.566389e+01	-5.052954e+02
6.590000e-06	-2.778058e-09	-2.000810e-09	-1.576748e+01	-5.087792e+02
6.600000e-06	-2.796139e-09	-2.014025e-09	-1.587010e+01	-5.121972e+02
6.610000e-06	-2.814060e-09	-2.026450e-09	-1.597182e+01	-5.155511e+02
6.620000e-06	-2.831826e-09	-2.038726e-09	-1.607265e+01	-5.188425e+02
6.630000e-06	-2.849427e-09	-2.051749e-09	-1.617255e+01	-5.220728e+02
6.640000e-06	-2.866845e-09	-2.065152e-09	-1.627142e+01	-5.252434e+02
6.650000e-06	-2.884055e-09	-2.077895e-09	-1.636909e+01	-5.283557e+02
6.660000e-06	-2.901036e-09	-2.089935e-09	-1.646547e+01	-5.314108e+02
6.670000e-06	-2.917781e-09	-2.101533e-09	-1.656052e+01	-5.344098e+02
6.680000e-06	-2.934301e-09	-2.112642e-09	-1.665427e+01	-5.373538e+02
6.690000e-06	-2.950613e-09	-2.123320e-09	-1.674686e+01	-5.402437e+02
6.700000e-06	-2.966754e-09	-2.133814e-09	-1.683847e+01	-5.430803e+02
6.710000e-06	-2.982757e-09	-2.144298e-09	-1.692930e+01	-5.458647e+02
6.720000e-06	-2.998643e-09	-2.154969e-09	-1.701946e+01	-5.485977e+02
6.730000e-06	-3.014417e-09	-2.165914e-09	-1.710899e+01	-5.512805e+02
6.740000e-06	-3.030063e-09	-2.176698e-09	-1.719779e+01	-5.539143e+02
6.750000e-06	-3.045538e-09	-2.186683e-09	-1.728563e+01	-5.565002e+02
6.760000e-06	-3.060781e-09	-2.196062e-09	-1.737214e+01	-5.590397e+02
6.770000e-06	-3.075725e-09	-2.205180e-09	-1.745696e+01	-5.615341e+02
6.780000e-06	-3.090307e-09	-2.214355e-09	-1.753972e+01	-5.639850e+02
6.790000e-06	-3.104492e-09	-2.224088e-09	-1.762023e+01	-5.663938e+02
6.800000e-06	-3.118265e-09	-2.233842e-09	-1.769841e+01	-5.687619e+02
6.810000e-06	-3.131637e-09	-2.242543e-09	-1.777430e+01	-5.710906e+02
6.820000e-06	-3.144647e-09	-2.250479e-09	-1.784814e+01	-5.733810e+02
6.830000e-06	-3.157337e-09	-2.258690e-09	-1.792016e+01	-5.756339e+02
6.840000e-06	-3.169753e-09	-2.267042e-09	-1.799064e+01	-5.778499e+02
6.850000e-06	-3.181946e-09	-2.275159e-09	-1.805984e+01	-5.800294e+02
6.860000e-06	-3.193939e-09	-2.283566e-09	-1.812791e+01	-5.821723e+02
6.870000e-06	-3.205748e-09	-2.292488e-09	-1.819493e+01	-5.842785e+02
6.880000e-06	-3.217365e-09	-2.301182e-09	-1.826087e+01	-5.863475e+02
6.890000e-06	-3.228765e-09	-2.309047e-09	-1.832557e+01	-5.883788e+02
6.900000e-06	-3.239922e-09	-2.315841e-09	-1.838889e+01	-5.903717e+02
6.910000e-06	-3.250811e-09	-2.321963e-09	-1.845070e+01	-5.923254e+02
6.920000e-06	-3.261433e-09	-2.328691e-09	-1.851099e+01	-5.942393e+02
6.930000e-06	-3.271809e-09	-2.336462e-09	-1.856988e+01	-5.961131e+02
6.940000e-06	-3.281965e-09	-2.344405e-09	-1.862752e+01	-5.979464e+02
6.950000e-06	-3.291930e-09	-2.351828e-09	-1.868408e+01	-5.997392e+02
6.960000e-06	-3.301707e-09	-2.358618e-09	-1.873957e+01	-6.014917e+02
6.970000e-06	-3.311283e-09	-2.364994e-09	-1.879392e+01	-6.032043e+02
6.980000e-06	-3.320638e-09	-2.371163e-09	-1.884702e+01	-6.048778e+02
6.990000e-06	-3.329745e-09	-2.376796e-09	-1.889871e+01	-6.065131e+02
7.000000e-06	-3.338587e-09	-2.381677e-09	-1.894889e+01	-6.081112e+02
7.010000e-06	-3.347167e-09	-2.386747e-09	-1.899759e+01	-6.096732e+02
7.020000e-06	-3.355513e-09	-2.393133e-09	-1.904496e+01	-6.112002e+02
7.030000e-06	-3.363662e-09	-2.400248e-09	-1.909121e+01	-6.126932e+02
7.040000e-06	-3.371655e-09	-2.406893e-09	-1.913658e+01	-6.141531e+02
7.050000e-06	-3.379524e-09	-2.412537e-09	-1.918124e+01	-6.155807e+02
7.060000e-06	-3.387268e-09	-2.417146e-09	-1.922519e+01	-6.169765e+02
7.070000e-06	-3.394870e-09	-2.421609e-09	-1.926834e+01	-6.183409e+02
7.080000e-06	-3.402282e-09	-2.426644e-09	-1.931041e+01	-6.196742e+02
7.090000e-06	-3.409452e-09	-2.431696e-09	-1.935110e+01	-6.209762e+02
7.100000e-06	-3.416330e-09	-2.436328e-09	-1.939014e+01	-6.222470e+02
7.110000e-06	-3.422858e-09	-2.441350e-09	-1.942719e+01	-6.234863e+02
7.120000e-06	-3.428999e-09	-2.447230e-09	-1.946205e+01	-6.246940e+02
7.130000e-06	-3.434731e-09	-2.452723e-09	-1.949458e+01	-6.258698e+02
7.140000e-06	-3.440052e-09	-2.456764e-09	-1.952478e+01	-6.270135e+02
7.150000e-06	-3.444986e-09	-2.459929e-09	-1.955278e+01	-6.281249e+02
7.160000e-06	-3.449577e-09	-2.463195e-09	-1.957884e+01	-6.292040e+02
7.170000e-06	-3.453894e-09	-2.467029e-09	-1.960334e+01	-6.302505e+02
7.180000e-06	-3.458003e-09	-2.471395e-09	-1.962666e+01	-6.312644e+02
7.190000e-06	-3.461955e-09	-2.475759e-09	-1.964909e+01	-6.322454e+02
7.200000e-06	-3.465775e-09	-2.479795e-09	-1.967078e+01	-6.331933e+02
7.210000e-06	-3.469461e-09	-2.483607e-09	-1.969170e+01	-6.341078e+02
7.220000e-06	-3.472982e-09	-2.487114e-09	-1.971168e+01	-6.349884e+02
7.230000e-06	-3.476294e-09	-2.490250e-09	-1.973048e+01	-6.358346e+02
7.240000e-06	-3.479358e-09	-2.493143e-09	-1.974787e+01	-6.366456e+02
7.250000e-06	-3.482159e-09	-2.496140e-09	-1.976377e+01	-6.374208e+02
7.260000e-06	-3.484697e-09	-2.499381e-09	-1.977817e+01	-6.381592e+02
7.270000e-06	-3.486992e-09	-2.502452e-09	-1.979120e+01	-6.388603e+02
7.280000e-06	-3.489076e-09	-2.505236e-09	-1.980302e+01	-6.395233e+02
7.290000e-06	-3.490970e-09	-2.507630e-09	-1.981378e+01	-6.401477e+02
7.300000e-06	-3.492684e-09	-2.509384e-09	-1.982350e+01	-6.407335e+02
7.310000e-06	-3.494167e-09	-2.510977e-09	-1.983192e+01	-6.412805e+02
7.320000e-06	-3.495319e-09	-2.513163e-09	-1.983846e+01	-6.417893e+02
7.330000e-06	-3.496168e-09	-2.515753e-09	-1.984328e+01	-6.422605e+02
7.340000e-06	-3.496798e-09	-2.518113e-09	-1.984685e+01	-6.426952e+02
7.350000e-06	-3.497202e-09	-2.519781e-09	-1.984915e+01	-6.430947e+02
