# Temperatura_=_-1.735999999999999
# Concentracion g/m^3_=_19900.0
# C_Vs_to_Am_M_A/Vsm_=_254322799225.57578
# pendiente_HvsI_1/m_=_3716.3
# ordenada_HvsI_A/m_=_1297.0
# frecuencia_Hz_=_268261.0797640482
# Promedio de 375 ciclos

Tiempo_(s)	Campo_(V.s)	Magnetizacion_(V.s)	Campo_(kA/m)	Magnetizacion_(A/m)
0.000000e+00	-3.721634e-09	-2.369166e-09	-1.985266e+01	-6.023063e+02
1.000000e-08	-3.721255e-09	-2.371144e-09	-1.985064e+01	-6.028274e+02
2.000000e-08	-3.719804e-09	-2.372549e-09	-1.984290e+01	-6.032620e+02
3.000000e-08	-3.717034e-09	-2.373939e-09	-1.982812e+01	-6.035926e+02
4.000000e-08	-3.713231e-09	-2.375191e-09	-1.980784e+01	-6.037972e+02
5.000000e-08	-3.708593e-09	-2.375323e-09	-1.978310e+01	-6.038591e+02
6.000000e-08	-3.703003e-09	-2.374442e-09	-1.975327e+01	-6.037755e+02
7.000000e-08	-3.696368e-09	-2.373342e-09	-1.971788e+01	-6.035616e+02
8.000000e-08	-3.688592e-09	-2.372499e-09	-1.967640e+01	-6.032479e+02
9.000000e-08	-3.679371e-09	-2.370672e-09	-1.962721e+01	-6.028732e+02
1.000000e-07	-3.668635e-09	-2.367329e-09	-1.956994e+01	-6.024742e+02
1.100000e-07	-3.656958e-09	-2.369062e-09	-1.950766e+01	-6.020776e+02
1.200000e-07	-3.644602e-09	-2.371552e-09	-1.944174e+01	-6.016961e+02
1.300000e-07	-3.631146e-09	-2.366066e-09	-1.936996e+01	-6.013305e+02
1.400000e-07	-3.616430e-09	-2.361886e-09	-1.929146e+01	-6.009753e+02
1.500000e-07	-3.600685e-09	-2.368135e-09	-1.920747e+01	-6.006267e+02
1.600000e-07	-3.583798e-09	-2.371551e-09	-1.911739e+01	-6.002871e+02
1.700000e-07	-3.565619e-09	-2.363071e-09	-1.902042e+01	-5.999647e+02
1.800000e-07	-3.546543e-09	-2.359608e-09	-1.891866e+01	-5.996686e+02
1.900000e-07	-3.526888e-09	-2.364149e-09	-1.881381e+01	-5.994011e+02
2.000000e-07	-3.506409e-09	-2.360294e-09	-1.870457e+01	-5.991504e+02
2.100000e-07	-3.484949e-09	-2.352688e-09	-1.859009e+01	-5.988896e+02
2.200000e-07	-3.462686e-09	-2.358241e-09	-1.847133e+01	-5.985815e+02
2.300000e-07	-3.439527e-09	-2.362813e-09	-1.834779e+01	-5.981899e+02
2.400000e-07	-3.415408e-09	-2.351851e-09	-1.821913e+01	-5.976924e+02
2.500000e-07	-3.390474e-09	-2.347479e-09	-1.808613e+01	-5.970900e+02
2.600000e-07	-3.364493e-09	-2.351894e-09	-1.794753e+01	-5.964094e+02
2.700000e-07	-3.337252e-09	-2.342208e-09	-1.780221e+01	-5.956937e+02
2.800000e-07	-3.309040e-09	-2.331364e-09	-1.765172e+01	-5.949859e+02
2.900000e-07	-3.280006e-09	-2.334450e-09	-1.749684e+01	-5.943083e+02
3.000000e-07	-3.249964e-09	-2.332146e-09	-1.733659e+01	-5.936460e+02
3.100000e-07	-3.218924e-09	-2.321587e-09	-1.717101e+01	-5.929401e+02
3.200000e-07	-3.187174e-09	-2.322358e-09	-1.700164e+01	-5.920950e+02
3.300000e-07	-3.154785e-09	-2.324506e-09	-1.682887e+01	-5.909972e+02
3.400000e-07	-3.121450e-09	-2.312423e-09	-1.665104e+01	-5.895426e+02
3.500000e-07	-3.086894e-09	-2.306024e-09	-1.646671e+01	-5.876612e+02
3.600000e-07	-3.051269e-09	-2.303178e-09	-1.627667e+01	-5.853348e+02
3.700000e-07	-3.014825e-09	-2.285150e-09	-1.608226e+01	-5.825992e+02
3.800000e-07	-2.977580e-09	-2.269823e-09	-1.588359e+01	-5.795326e+02
3.900000e-07	-2.939519e-09	-2.263246e-09	-1.568055e+01	-5.762332e+02
4.000000e-07	-2.900632e-09	-2.249105e-09	-1.547311e+01	-5.727933e+02
4.100000e-07	-2.861025e-09	-2.233137e-09	-1.526183e+01	-5.692784e+02
4.200000e-07	-2.820823e-09	-2.220474e-09	-1.504738e+01	-5.657166e+02
4.300000e-07	-2.779854e-09	-2.206307e-09	-1.482884e+01	-5.621005e+02
4.400000e-07	-2.737799e-09	-2.192808e-09	-1.460450e+01	-5.584004e+02
4.500000e-07	-2.694665e-09	-2.177214e-09	-1.437440e+01	-5.545812e+02
4.600000e-07	-2.650804e-09	-2.160181e-09	-1.414043e+01	-5.506181e+02
4.700000e-07	-2.606359e-09	-2.145532e-09	-1.390335e+01	-5.465056e+02
4.800000e-07	-2.561217e-09	-2.128649e-09	-1.366254e+01	-5.422567e+02
4.900000e-07	-2.515341e-09	-2.110408e-09	-1.341782e+01	-5.378945e+02
5.000000e-07	-2.468749e-09	-2.095934e-09	-1.316928e+01	-5.334409e+02
5.100000e-07	-2.421484e-09	-2.078302e-09	-1.291715e+01	-5.289066e+02
5.200000e-07	-2.373693e-09	-2.056989e-09	-1.266222e+01	-5.242861e+02
5.300000e-07	-2.325393e-09	-2.039733e-09	-1.240456e+01	-5.195607e+02
5.400000e-07	-2.276282e-09	-2.022085e-09	-1.214258e+01	-5.147065e+02
5.500000e-07	-2.226076e-09	-2.000943e-09	-1.187477e+01	-5.097035e+02
5.600000e-07	-2.174907e-09	-1.980724e-09	-1.160181e+01	-5.045438e+02
5.700000e-07	-2.123088e-09	-1.960799e-09	-1.132539e+01	-4.992333e+02
5.800000e-07	-2.070697e-09	-1.938838e-09	-1.104591e+01	-4.937880e+02
5.900000e-07	-2.017683e-09	-1.917130e-09	-1.076312e+01	-4.882263e+02
6.000000e-07	-1.964095e-09	-1.895371e-09	-1.047726e+01	-4.825604e+02
6.100000e-07	-1.909982e-09	-1.872275e-09	-1.018860e+01	-4.767904e+02
6.200000e-07	-1.855314e-09	-1.849183e-09	-9.896977e+00	-4.709033e+02
6.300000e-07	-1.800114e-09	-1.825911e-09	-9.602517e+00	-4.648775e+02
6.400000e-07	-1.744509e-09	-1.801988e-09	-9.305900e+00	-4.586899e+02
6.500000e-07	-1.688609e-09	-1.777427e-09	-9.007707e+00	-4.523234e+02
6.600000e-07	-1.632373e-09	-1.751549e-09	-8.707721e+00	-4.457715e+02
6.700000e-07	-1.575661e-09	-1.724596e-09	-8.405196e+00	-4.390380e+02
6.800000e-07	-1.518362e-09	-1.697857e-09	-8.099544e+00	-4.321332e+02
6.900000e-07	-1.460390e-09	-1.670286e-09	-7.790299e+00	-4.250666e+02
7.000000e-07	-1.401729e-09	-1.641541e-09	-7.477378e+00	-4.178415e+02
7.100000e-07	-1.342507e-09	-1.612900e-09	-7.161464e+00	-4.104515e+02
7.200000e-07	-1.282910e-09	-1.583681e-09	-6.843548e+00	-4.028819e+02
7.300000e-07	-1.223080e-09	-1.552809e-09	-6.524393e+00	-3.951136e+02
7.400000e-07	-1.163064e-09	-1.521176e-09	-6.204241e+00	-3.871296e+02
7.500000e-07	-1.102818e-09	-1.489575e-09	-5.882865e+00	-3.789197e+02
7.600000e-07	-1.042290e-09	-1.456710e-09	-5.559988e+00	-3.704822e+02
7.700000e-07	-9.814792e-10	-1.422398e-09	-5.235598e+00	-3.618224e+02
7.800000e-07	-9.203969e-10	-1.387749e-09	-4.909761e+00	-3.529486e+02
7.900000e-07	-8.590449e-10	-1.352698e-09	-4.582485e+00	-3.438661e+02
8.000000e-07	-7.974562e-10	-1.316170e-09	-4.253947e+00	-3.345741e+02
8.100000e-07	-7.356911e-10	-1.278232e-09	-3.924467e+00	-3.250641e+02
8.200000e-07	-6.737947e-10	-1.239647e-09	-3.594288e+00	-3.153225e+02
8.300000e-07	-6.117808e-10	-1.200005e-09	-3.263481e+00	-3.053343e+02
8.400000e-07	-5.496450e-10	-1.159360e-09	-2.932024e+00	-2.950875e+02
8.500000e-07	-4.873754e-10	-1.118285e-09	-2.599854e+00	-2.845760e+02
8.600000e-07	-4.249526e-10	-1.076556e-09	-2.266866e+00	-2.737998e+02
8.700000e-07	-3.623768e-10	-1.033185e-09	-1.933062e+00	-2.627627e+02
8.800000e-07	-2.996741e-10	-9.886484e-10	-1.598581e+00	-2.514689e+02
8.900000e-07	-2.368769e-10	-9.437196e-10	-1.263596e+00	-2.399198e+02
9.000000e-07	-1.740059e-10	-8.973486e-10	-9.282174e-01	-2.281124e+02
9.100000e-07	-1.110819e-10	-8.494878e-10	-5.925560e-01	-2.160405e+02
9.200000e-07	-4.812193e-11	-8.011738e-10	-2.567030e-01	-2.036971e+02
9.300000e-07	1.486224e-11	-7.520566e-10	7.927938e-02	-1.910783e+02
9.400000e-07	7.784510e-11	-7.014111e-10	4.152548e-01	-1.781855e+02
9.500000e-07	1.407993e-10	-6.500122e-10	7.510771e-01	-1.650270e+02
9.600000e-07	2.036986e-10	-5.977244e-10	1.086607e+00	-1.516163e+02
9.700000e-07	2.665230e-10	-5.439741e-10	1.421737e+00	-1.379701e+02
9.800000e-07	3.292681e-10	-4.894811e-10	1.756444e+00	-1.241054e+02
9.900000e-07	3.919303e-10	-4.344874e-10	2.090709e+00	-1.100382e+02
1.000000e-06	4.544886e-10	-3.782726e-10	2.424419e+00	-9.578267e+01
1.010000e-06	5.169144e-10	-3.210374e-10	2.757423e+00	-8.135313e+01
1.020000e-06	5.791862e-10	-2.637827e-10	3.089605e+00	-6.676583e+01
1.030000e-06	6.413022e-10	-2.063894e-10	3.420957e+00	-5.204072e+01
1.040000e-06	7.032722e-10	-1.483765e-10	3.751529e+00	-3.720184e+01
1.050000e-06	7.650903e-10	-8.977626e-11	4.081291e+00	-2.227632e+01
1.060000e-06	8.267277e-10	-3.076969e-11	4.410089e+00	-7.292201e+00
1.070000e-06	8.881303e-10	2.868875e-11	4.737635e+00	7.723976e+00
1.080000e-06	9.492328e-10	8.827996e-11	5.063579e+00	2.274879e+01
1.090000e-06	1.009997e-09	1.474913e-10	5.387719e+00	3.776236e+01
1.100000e-06	1.070442e-09	2.064052e-10	5.710160e+00	5.274743e+01
1.110000e-06	1.130633e-09	2.650929e-10	6.031237e+00	6.768786e+01
1.120000e-06	1.190637e-09	3.233706e-10	6.351325e+00	8.256724e+01
1.130000e-06	1.250498e-09	3.812637e-10	6.670648e+00	9.736840e+01
1.140000e-06	1.310182e-09	4.389764e-10	6.989024e+00	1.120739e+02
1.150000e-06	1.369554e-09	4.961994e-10	7.305736e+00	1.266673e+02
1.160000e-06	1.428410e-09	5.529944e-10	7.619699e+00	1.411343e+02
1.170000e-06	1.486568e-09	6.098004e-10	7.929937e+00	1.554632e+02
1.180000e-06	1.543959e-09	6.661372e-10	8.236085e+00	1.696443e+02
1.190000e-06	1.600672e-09	7.212343e-10	8.538613e+00	1.836685e+02
1.200000e-06	1.656898e-09	7.752916e-10	8.838546e+00	1.975256e+02
1.210000e-06	1.712800e-09	8.287648e-10	9.136748e+00	2.112037e+02
1.220000e-06	1.768386e-09	8.813081e-10	9.433263e+00	2.246897e+02
1.230000e-06	1.823525e-09	9.329993e-10	9.727396e+00	2.379706e+02
1.240000e-06	1.878120e-09	9.844359e-10	1.001863e+01	2.510359e+02
1.250000e-06	1.932212e-09	1.035491e-09	1.030718e+01	2.638786e+02
1.260000e-06	1.985837e-09	1.085754e-09	1.059323e+01	2.764953e+02
1.270000e-06	2.038903e-09	1.135227e-09	1.087631e+01	2.888837e+02
1.280000e-06	2.091344e-09	1.183479e-09	1.115605e+01	3.010398e+02
1.290000e-06	2.143173e-09	1.229876e-09	1.143253e+01	3.129546e+02
1.300000e-06	2.194315e-09	1.274945e-09	1.170534e+01	3.246130e+02
1.310000e-06	2.244563e-09	1.319230e-09	1.197338e+01	3.359948e+02
1.320000e-06	2.293810e-09	1.362515e-09	1.223608e+01	3.470790e+02
1.330000e-06	2.342233e-09	1.404864e-09	1.249439e+01	3.578495e+02
1.340000e-06	2.390104e-09	1.446268e-09	1.274975e+01	3.682999e+02
1.350000e-06	2.437454e-09	1.486405e-09	1.300234e+01	3.784361e+02
1.360000e-06	2.484167e-09	1.525449e-09	1.325152e+01	3.882751e+02
1.370000e-06	2.530212e-09	1.563288e-09	1.349715e+01	3.978396e+02
1.380000e-06	2.575562e-09	1.599478e-09	1.373906e+01	4.071505e+02
1.390000e-06	2.620201e-09	1.634621e-09	1.397718e+01	4.162202e+02
1.400000e-06	2.664294e-09	1.669390e-09	1.421239e+01	4.250482e+02
1.410000e-06	2.707921e-09	1.703504e-09	1.444511e+01	4.336217e+02
1.420000e-06	2.750797e-09	1.736426e-09	1.467383e+01	4.419201e+02
1.430000e-06	2.792562e-09	1.768149e-09	1.489662e+01	4.499233e+02
1.440000e-06	2.833252e-09	1.798564e-09	1.511368e+01	4.576194e+02
1.450000e-06	2.873185e-09	1.827569e-09	1.532670e+01	4.650092e+02
1.460000e-06	2.912454e-09	1.855553e-09	1.553617e+01	4.721069e+02
1.470000e-06	2.950963e-09	1.882500e-09	1.574160e+01	4.789355e+02
1.480000e-06	2.988664e-09	1.908229e-09	1.594271e+01	4.855195e+02
1.490000e-06	3.025531e-09	1.933080e-09	1.613937e+01	4.918776e+02
1.500000e-06	3.061686e-09	1.957443e-09	1.633224e+01	4.980175e+02
1.510000e-06	3.097201e-09	1.980974e-09	1.652169e+01	5.039365e+02
1.520000e-06	3.131754e-09	2.003356e-09	1.670601e+01	5.096247e+02
1.530000e-06	3.165067e-09	2.024806e-09	1.688371e+01	5.150724e+02
1.540000e-06	3.197340e-09	2.045279e-09	1.705587e+01	5.202763e+02
1.550000e-06	3.228815e-09	2.064894e-09	1.722377e+01	5.252430e+02
1.560000e-06	3.259474e-09	2.083984e-09	1.738731e+01	5.299888e+02
1.570000e-06	3.289280e-09	2.102206e-09	1.754631e+01	5.345346e+02
1.580000e-06	3.318216e-09	2.119111e-09	1.770067e+01	5.389000e+02
1.590000e-06	3.346371e-09	2.135103e-09	1.785086e+01	5.430970e+02
1.600000e-06	3.373771e-09	2.150551e-09	1.799702e+01	5.471281e+02
1.610000e-06	3.400066e-09	2.165473e-09	1.813729e+01	5.509879e+02
1.620000e-06	3.425055e-09	2.179783e-09	1.827059e+01	5.546677e+02
1.630000e-06	3.448976e-09	2.193288e-09	1.839819e+01	5.581626e+02
1.640000e-06	3.471985e-09	2.206006e-09	1.852094e+01	5.614760e+02
1.650000e-06	3.494068e-09	2.218253e-09	1.863873e+01	5.646205e+02
1.660000e-06	3.515219e-09	2.230120e-09	1.875156e+01	5.676157e+02
1.670000e-06	3.535543e-09	2.241290e-09	1.885998e+01	5.704816e+02
1.680000e-06	3.555125e-09	2.251856e-09	1.896443e+01	5.732331e+02
1.690000e-06	3.573780e-09	2.262397e-09	1.906395e+01	5.758752e+02
1.700000e-06	3.591356e-09	2.273051e-09	1.915771e+01	5.784035e+02
1.710000e-06	3.607920e-09	2.283102e-09	1.924606e+01	5.808077e+02
1.720000e-06	3.623411e-09	2.292232e-09	1.932870e+01	5.830782e+02
1.730000e-06	3.637767e-09	2.300777e-09	1.940528e+01	5.852119e+02
1.740000e-06	3.651076e-09	2.308939e-09	1.947628e+01	5.872150e+02
1.750000e-06	3.663391e-09	2.316747e-09	1.954197e+01	5.891018e+02
1.760000e-06	3.674618e-09	2.324186e-09	1.960186e+01	5.908891e+02
1.770000e-06	3.684511e-09	2.331107e-09	1.965463e+01	5.925894e+02
1.780000e-06	3.693131e-09	2.337442e-09	1.970062e+01	5.942050e+02
1.790000e-06	3.700773e-09	2.343453e-09	1.974138e+01	5.957266e+02
1.800000e-06	3.707467e-09	2.349039e-09	1.977709e+01	5.971361e+02
1.810000e-06	3.713143e-09	2.353992e-09	1.980737e+01	5.984136e+02
1.820000e-06	3.717860e-09	2.358207e-09	1.983253e+01	5.995453e+02
1.830000e-06	3.721733e-09	2.361671e-09	1.985319e+01	6.005293e+02
1.840000e-06	3.724590e-09	2.364794e-09	1.986843e+01	6.013768e+02
1.850000e-06	3.726125e-09	2.367927e-09	1.987662e+01	6.021079e+02
1.860000e-06	3.726477e-09	2.370717e-09	1.987850e+01	6.027434e+02
1.870000e-06	3.725891e-09	2.372374e-09	1.987537e+01	6.032963e+02
1.880000e-06	3.724380e-09	2.373252e-09	1.986731e+01	6.037667e+02
1.890000e-06	3.721922e-09	2.374349e-09	1.985419e+01	6.041408e+02
1.900000e-06	3.718570e-09	2.375597e-09	1.983632e+01	6.043974e+02
1.910000e-06	3.714439e-09	2.376307e-09	1.981428e+01	6.045165e+02
1.920000e-06	3.709342e-09	2.376351e-09	1.978709e+01	6.044892e+02
1.930000e-06	3.702960e-09	2.376150e-09	1.975305e+01	6.043236e+02
1.940000e-06	3.695316e-09	2.375212e-09	1.971227e+01	6.040450e+02
1.950000e-06	3.686348e-09	2.375134e-09	1.966443e+01	6.036900e+02
1.960000e-06	3.675927e-09	2.374940e-09	1.960884e+01	6.032973e+02
1.970000e-06	3.664668e-09	2.366589e-09	1.954878e+01	6.028982e+02
1.980000e-06	3.653170e-09	2.362547e-09	1.948745e+01	6.025110e+02
1.990000e-06	3.640710e-09	2.367681e-09	1.942098e+01	6.021404e+02
2.000000e-06	3.626420e-09	2.366370e-09	1.934475e+01	6.017826e+02
2.010000e-06	3.610836e-09	2.359673e-09	1.926162e+01	6.014324e+02
2.020000e-06	3.594669e-09	2.359714e-09	1.917538e+01	6.010893e+02
2.030000e-06	3.577466e-09	2.363854e-09	1.908361e+01	6.007598e+02
2.040000e-06	3.558939e-09	2.357355e-09	1.898478e+01	6.004534e+02
2.050000e-06	3.539720e-09	2.350703e-09	1.888226e+01	6.001760e+02
2.060000e-06	3.519895e-09	2.357458e-09	1.877651e+01	5.999218e+02
2.070000e-06	3.498785e-09	2.361106e-09	1.866390e+01	5.996696e+02
2.080000e-06	3.476393e-09	2.351943e-09	1.854445e+01	5.993851e+02
2.090000e-06	3.453128e-09	2.348892e-09	1.842034e+01	5.990302e+02
2.100000e-06	3.428839e-09	2.354781e-09	1.829078e+01	5.985757e+02
2.110000e-06	3.403537e-09	2.349426e-09	1.815581e+01	5.980130e+02
2.120000e-06	3.377567e-09	2.340449e-09	1.801727e+01	5.973590e+02
2.130000e-06	3.350811e-09	2.345655e-09	1.787455e+01	5.966522e+02
2.140000e-06	3.323142e-09	2.347575e-09	1.772695e+01	5.959379e+02
2.150000e-06	3.294681e-09	2.339393e-09	1.757513e+01	5.952487e+02
2.160000e-06	3.265089e-09	2.340087e-09	1.741727e+01	5.945856e+02
2.170000e-06	3.234146e-09	2.345206e-09	1.725221e+01	5.939068e+02
2.180000e-06	3.202248e-09	2.338479e-09	1.708205e+01	5.931290e+02
2.190000e-06	3.169553e-09	2.329548e-09	1.690764e+01	5.921431e+02
2.200000e-06	3.135949e-09	2.329397e-09	1.672839e+01	5.908380e+02
2.210000e-06	3.101467e-09	2.323799e-09	1.654445e+01	5.891279e+02
2.220000e-06	3.066205e-09	2.313446e-09	1.635635e+01	5.869733e+02
2.230000e-06	3.030325e-09	2.303436e-09	1.616495e+01	5.843897e+02
2.240000e-06	2.993705e-09	2.289312e-09	1.596960e+01	5.814411e+02
2.250000e-06	2.955874e-09	2.278791e-09	1.576779e+01	5.782209e+02
2.260000e-06	2.916806e-09	2.265028e-09	1.555939e+01	5.748266e+02
2.270000e-06	2.876972e-09	2.249005e-09	1.534690e+01	5.713360e+02
2.280000e-06	2.836475e-09	2.242320e-09	1.513087e+01	5.677921e+02
2.290000e-06	2.795187e-09	2.225144e-09	1.491063e+01	5.642004e+02
2.300000e-06	2.753189e-09	2.201371e-09	1.468659e+01	5.605378e+02
2.310000e-06	2.710475e-09	2.195938e-09	1.445874e+01	5.567692e+02
2.320000e-06	2.667081e-09	2.183421e-09	1.422726e+01	5.528644e+02
2.330000e-06	2.623177e-09	2.156967e-09	1.399306e+01	5.488099e+02
2.340000e-06	2.578669e-09	2.145274e-09	1.375563e+01	5.446122e+02
2.350000e-06	2.533338e-09	2.131997e-09	1.351382e+01	5.402917e+02
2.360000e-06	2.487214e-09	2.107035e-09	1.326778e+01	5.358722e+02
2.370000e-06	2.440492e-09	2.093076e-09	1.301854e+01	5.313695e+02
2.380000e-06	2.393258e-09	2.079689e-09	1.276658e+01	5.267847e+02
2.390000e-06	2.345321e-09	2.054912e-09	1.251087e+01	5.221034e+02
2.400000e-06	2.296503e-09	2.035120e-09	1.225045e+01	5.173026e+02
2.410000e-06	2.246936e-09	2.019281e-09	1.198604e+01	5.123597e+02
2.420000e-06	2.196791e-09	1.998433e-09	1.171855e+01	5.072615e+02
2.430000e-06	2.146052e-09	1.976630e-09	1.144789e+01	5.020087e+02
2.440000e-06	2.094690e-09	1.955473e-09	1.117390e+01	4.966142e+02
2.450000e-06	2.042733e-09	1.934191e-09	1.089674e+01	4.910964e+02
2.460000e-06	1.990080e-09	1.912740e-09	1.061587e+01	4.854708e+02
2.470000e-06	1.936516e-09	1.890227e-09	1.033014e+01	4.797427e+02
2.480000e-06	1.882026e-09	1.866704e-09	1.003947e+01	4.739039e+02
2.490000e-06	1.826842e-09	1.841942e-09	9.745094e+00	4.679354e+02
2.500000e-06	1.771212e-09	1.816506e-09	9.448345e+00	4.618137e+02
2.510000e-06	1.715266e-09	1.792489e-09	9.149903e+00	4.555186e+02
2.520000e-06	1.658943e-09	1.768639e-09	8.849455e+00	4.490394e+02
2.530000e-06	1.602112e-09	1.742372e-09	8.546299e+00	4.423761e+02
2.540000e-06	1.544759e-09	1.714376e-09	8.240354e+00	4.355371e+02
2.550000e-06	1.486985e-09	1.686566e-09	7.932166e+00	4.285331e+02
2.560000e-06	1.428843e-09	1.658587e-09	7.622014e+00	4.213703e+02
2.570000e-06	1.370299e-09	1.629316e-09	7.309717e+00	4.140463e+02
2.580000e-06	1.311328e-09	1.599534e-09	6.995142e+00	4.065491e+02
2.590000e-06	1.251973e-09	1.569334e-09	6.678516e+00	3.988608e+02
2.600000e-06	1.192336e-09	1.538337e-09	6.360392e+00	3.909629e+02
2.610000e-06	1.132518e-09	1.506760e-09	6.041297e+00	3.828420e+02
2.620000e-06	1.072547e-09	1.473990e-09	5.721390e+00	3.744931e+02
2.630000e-06	1.012387e-09	1.439576e-09	5.400472e+00	3.659194e+02
2.640000e-06	9.519634e-10	1.404078e-09	5.078148e+00	3.571285e+02
2.650000e-06	8.911957e-10	1.368418e-09	4.753989e+00	3.481274e+02
2.660000e-06	8.300586e-10	1.332933e-09	4.427860e+00	3.389179e+02
2.670000e-06	7.685693e-10	1.296474e-09	4.099852e+00	3.294946e+02
2.680000e-06	7.067485e-10	1.258434e-09	3.770076e+00	3.198455e+02
2.690000e-06	6.446294e-10	1.219613e-09	3.438709e+00	3.099553e+02
2.700000e-06	5.822431e-10	1.179847e-09	3.105916e+00	2.998107e+02
2.710000e-06	5.196102e-10	1.138749e-09	2.771807e+00	2.894029e+02
2.720000e-06	4.567630e-10	1.096730e-09	2.436556e+00	2.787299e+02
2.730000e-06	3.937417e-10	1.053834e-09	2.100376e+00	2.677942e+02
2.740000e-06	3.305855e-10	1.009586e-09	1.763476e+00	2.566003e+02
2.750000e-06	2.673356e-10	9.642129e-10	1.426075e+00	2.451511e+02
2.760000e-06	2.040240e-10	9.182733e-10	1.088346e+00	2.334452e+02
2.770000e-06	1.406650e-10	8.712319e-10	7.503648e-01	2.214775e+02
2.780000e-06	7.726186e-11	8.226295e-10	4.121473e-01	2.092409e+02
2.790000e-06	1.382871e-11	7.729623e-10	7.376984e-02	1.967299e+02
2.800000e-06	-4.960642e-11	7.223807e-10	-2.646182e-01	1.839437e+02
2.810000e-06	-1.130187e-10	6.707545e-10	-6.028842e-01	1.708877e+02
2.820000e-06	-1.763898e-10	6.183394e-10	-9.409309e-01	1.575738e+02
2.830000e-06	-2.397012e-10	5.651301e-10	-1.278659e+00	1.440176e+02
2.840000e-06	-3.029457e-10	5.109016e-10	-1.616030e+00	1.302365e+02
2.850000e-06	-3.661130e-10	4.558855e-10	-1.952989e+00	1.162467e+02
2.860000e-06	-4.291633e-10	4.002019e-10	-2.289324e+00	1.020632e+02
2.870000e-06	-4.920459e-10	3.435244e-10	-2.624765e+00	8.769994e+01
2.880000e-06	-5.547150e-10	2.859031e-10	-2.959066e+00	7.317225e+01
2.890000e-06	-6.171311e-10	2.281905e-10	-3.292018e+00	5.849848e+01
2.900000e-06	-6.792687e-10	1.703135e-10	-3.623484e+00	4.370115e+01
2.910000e-06	-7.411004e-10	1.117072e-10	-3.953319e+00	2.880638e+01
2.920000e-06	-8.025858e-10	5.288319e-11	-4.281306e+00	1.384214e+01
2.930000e-06	-8.636888e-10	-5.903621e-12	-4.607253e+00	-1.164193e+00
2.940000e-06	-9.244015e-10	-6.489223e-11	-4.931118e+00	-1.618785e+01
2.950000e-06	-9.847673e-10	-1.239228e-10	-5.253133e+00	-3.120760e+01
2.960000e-06	-1.044871e-09	-1.828865e-10	-5.573751e+00	-4.620531e+01
2.970000e-06	-1.104798e-09	-2.419104e-10	-5.893427e+00	-6.116459e+01
2.980000e-06	-1.164594e-09	-3.007362e-10	-6.212398e+00	-7.606924e+01
2.990000e-06	-1.224228e-09	-3.588926e-10	-6.530513e+00	-9.090238e+01
3.000000e-06	-1.283594e-09	-4.165744e-10	-6.847194e+00	-1.056466e+02
3.010000e-06	-1.342562e-09	-4.741641e-10	-7.161751e+00	-1.202849e+02
3.020000e-06	-1.401081e-09	-5.313610e-10	-7.473916e+00	-1.348020e+02
3.030000e-06	-1.459187e-09	-5.878157e-10	-7.783877e+00	-1.491854e+02
3.040000e-06	-1.516907e-09	-6.436457e-10	-8.091777e+00	-1.634245e+02
3.050000e-06	-1.574180e-09	-6.992372e-10	-8.397296e+00	-1.775103e+02
3.060000e-06	-1.630929e-09	-7.545892e-10	-8.700015e+00	-1.914331e+02
3.070000e-06	-1.687195e-09	-8.090657e-10	-9.000161e+00	-2.051816e+02
3.080000e-06	-1.743114e-09	-8.622191e-10	-9.298457e+00	-2.187430e+02
3.090000e-06	-1.798731e-09	-9.142290e-10	-9.595140e+00	-2.321042e+02
3.100000e-06	-1.853890e-09	-9.656841e-10	-9.889375e+00	-2.452534e+02
3.110000e-06	-1.908337e-09	-1.016708e-09	-1.017982e+01	-2.581822e+02
3.120000e-06	-1.961904e-09	-1.066723e-09	-1.046556e+01	-2.708861e+02
3.130000e-06	-2.014626e-09	-1.115561e-09	-1.074680e+01	-2.833626e+02
3.140000e-06	-2.066699e-09	-1.163525e-09	-1.102458e+01	-2.956088e+02
3.150000e-06	-2.118226e-09	-1.210768e-09	-1.129945e+01	-3.076179e+02
3.160000e-06	-2.169152e-09	-1.257091e-09	-1.157111e+01	-3.193772e+02
3.170000e-06	-2.219459e-09	-1.302325e-09	-1.183947e+01	-3.308680e+02
3.180000e-06	-2.269127e-09	-1.346200e-09	-1.210441e+01	-3.420690e+02
3.190000e-06	-2.317946e-09	-1.388890e-09	-1.236483e+01	-3.529616e+02
3.200000e-06	-2.365742e-09	-1.430813e-09	-1.261980e+01	-3.635351e+02
3.210000e-06	-2.412675e-09	-1.471526e-09	-1.287015e+01	-3.737907e+02
3.220000e-06	-2.459029e-09	-1.510764e-09	-1.311742e+01	-3.837415e+02
3.230000e-06	-2.504908e-09	-1.548800e-09	-1.336216e+01	-3.934087e+02
3.240000e-06	-2.550205e-09	-1.585610e-09	-1.360380e+01	-4.028149e+02
3.250000e-06	-2.594828e-09	-1.621184e-09	-1.384183e+01	-4.119765e+02
3.260000e-06	-2.638879e-09	-1.655971e-09	-1.407682e+01	-4.208982e+02
3.270000e-06	-2.682421e-09	-1.689965e-09	-1.430909e+01	-4.295716e+02
3.280000e-06	-2.725311e-09	-1.722673e-09	-1.453788e+01	-4.379782e+02
3.290000e-06	-2.767481e-09	-1.754500e-09	-1.476283e+01	-4.460970e+02
3.300000e-06	-2.808936e-09	-1.785812e-09	-1.498397e+01	-4.539119e+02
3.310000e-06	-2.849620e-09	-1.815750e-09	-1.520099e+01	-4.614185e+02
3.320000e-06	-2.889641e-09	-1.843853e-09	-1.541448e+01	-4.686262e+02
3.330000e-06	-2.929007e-09	-1.870643e-09	-1.562447e+01	-4.755553e+02
3.340000e-06	-2.967383e-09	-1.896637e-09	-1.582919e+01	-4.822306e+02
3.350000e-06	-3.004590e-09	-1.921962e-09	-1.602766e+01	-4.886739e+02
3.360000e-06	-3.040869e-09	-1.946495e-09	-1.622119e+01	-4.948974e+02
3.370000e-06	-3.076437e-09	-1.970220e-09	-1.641092e+01	-5.009021e+02
3.380000e-06	-3.111202e-09	-1.993070e-09	-1.659637e+01	-5.066803e+02
3.390000e-06	-3.145066e-09	-2.015130e-09	-1.677702e+01	-5.122212e+02
3.400000e-06	-3.178031e-09	-2.036316e-09	-1.695286e+01	-5.175185e+02
3.410000e-06	-3.210206e-09	-2.056098e-09	-1.712450e+01	-5.225749e+02
3.420000e-06	-3.241640e-09	-2.074374e-09	-1.729218e+01	-5.274032e+02
3.430000e-06	-3.272034e-09	-2.091878e-09	-1.745431e+01	-5.320232e+02
3.440000e-06	-3.301175e-09	-2.109297e-09	-1.760976e+01	-5.364558e+02
3.450000e-06	-3.329314e-09	-2.126463e-09	-1.775987e+01	-5.407164e+02
3.460000e-06	-3.356646e-09	-2.143240e-09	-1.790567e+01	-5.448114e+02
3.470000e-06	-3.383075e-09	-2.159523e-09	-1.804665e+01	-5.487378e+02
3.480000e-06	-3.408527e-09	-2.174781e-09	-1.818242e+01	-5.524875e+02
3.490000e-06	-3.433068e-09	-2.188778e-09	-1.831333e+01	-5.560535e+02
3.500000e-06	-3.456869e-09	-2.201955e-09	-1.844030e+01	-5.594355e+02
3.510000e-06	-3.479781e-09	-2.214606e-09	-1.856252e+01	-5.626428e+02
3.520000e-06	-3.501429e-09	-2.226524e-09	-1.867800e+01	-5.656926e+02
3.530000e-06	-3.521910e-09	-2.238013e-09	-1.878726e+01	-5.686058e+02
3.540000e-06	-3.541534e-09	-2.249337e-09	-1.889194e+01	-5.713998e+02
3.550000e-06	-3.560302e-09	-2.260030e-09	-1.899205e+01	-5.740836e+02
3.560000e-06	-3.578133e-09	-2.269930e-09	-1.908717e+01	-5.766563e+02
3.570000e-06	-3.595021e-09	-2.279299e-09	-1.917725e+01	-5.791091e+02
3.580000e-06	-3.611062e-09	-2.287975e-09	-1.926282e+01	-5.814315e+02
3.590000e-06	-3.626176e-09	-2.295665e-09	-1.934345e+01	-5.836173e+02
3.600000e-06	-3.639993e-09	-2.302888e-09	-1.941715e+01	-5.856690e+02
3.610000e-06	-3.652467e-09	-2.310211e-09	-1.948370e+01	-5.875981e+02
3.620000e-06	-3.663804e-09	-2.317474e-09	-1.954417e+01	-5.894214e+02
3.630000e-06	-3.674111e-09	-2.324315e-09	-1.959915e+01	-5.911537e+02
3.640000e-06	-3.683418e-09	-2.330672e-09	-1.964880e+01	-5.928018e+02
3.650000e-06	-3.691804e-09	-2.336696e-09	-1.969354e+01	-5.943609e+02
3.660000e-06	-3.699339e-09	-2.342396e-09	-1.973373e+01	-5.958156e+02
3.670000e-06	-3.705745e-09	-2.347575e-09	-1.976790e+01	-5.971456e+02
3.680000e-06	-3.710837e-09	-2.351909e-09	-1.979507e+01	-5.983340e+02
3.690000e-06	-3.714876e-09	-2.355687e-09	-1.981661e+01	-5.993738e+02
3.700000e-06	-3.718006e-09	-2.359551e-09	-1.983331e+01	-6.002715e+02
3.710000e-06	-3.720176e-09	-2.363294e-09	-1.984488e+01	-6.010444e+02
3.720000e-06	-3.721323e-09	-2.366508e-09	-1.985100e+01	-6.017140e+02
