# Temperatura_=_-1.7253869969040245
# Concentracion g/m^3_=_19900.0
# C_Vs_to_Am_M_A/Vsm_=_254322799225.57578
# pendiente_HvsI_1/m_=_3716.3
# ordenada_HvsI_A/m_=_1297.0
# frecuencia_Hz_=_136144.92549188927
# Promedio de 323 ciclos

Tiempo_(s)	Campo_(V.s)	Magnetizacion_(V.s)	Campo_(kA/m)	Magnetizacion_(A/m)
0.000000e+00	-7.161389e-09	-4.294113e-09	-3.841025e+01	-1.094868e+03
1.000000e-08	-7.161483e-09	-4.295448e-09	-3.841076e+01	-1.095072e+03
2.000000e-08	-7.161239e-09	-4.296511e-09	-3.840945e+01	-1.095238e+03
3.000000e-08	-7.160520e-09	-4.296569e-09	-3.840559e+01	-1.095359e+03
4.000000e-08	-7.159138e-09	-4.296461e-09	-3.839818e+01	-1.095433e+03
5.000000e-08	-7.156989e-09	-4.296811e-09	-3.838666e+01	-1.095458e+03
6.000000e-08	-7.154116e-09	-4.297771e-09	-3.837125e+01	-1.095434e+03
7.000000e-08	-7.150679e-09	-4.300711e-09	-3.835281e+01	-1.095363e+03
8.000000e-08	-7.146793e-09	-4.301172e-09	-3.833197e+01	-1.095251e+03
9.000000e-08	-7.142357e-09	-4.284925e-09	-3.830818e+01	-1.095104e+03
1.000000e-07	-7.137187e-09	-4.270738e-09	-3.828045e+01	-1.094932e+03
1.100000e-07	-7.131378e-09	-4.303747e-09	-3.824929e+01	-1.094744e+03
1.200000e-07	-7.125266e-09	-4.338617e-09	-3.821651e+01	-1.094549e+03
1.300000e-07	-7.118936e-09	-4.289346e-09	-3.818256e+01	-1.094357e+03
1.400000e-07	-7.112125e-09	-4.240227e-09	-3.814603e+01	-1.094176e+03
1.500000e-07	-7.104718e-09	-4.296777e-09	-3.810630e+01	-1.094011e+03
1.600000e-07	-7.096914e-09	-4.349432e-09	-3.806444e+01	-1.093865e+03
1.700000e-07	-7.088780e-09	-4.281846e-09	-3.802082e+01	-1.093738e+03
1.800000e-07	-7.080052e-09	-4.223410e-09	-3.797400e+01	-1.093627e+03
1.900000e-07	-7.070571e-09	-4.295425e-09	-3.792315e+01	-1.093527e+03
2.000000e-07	-7.060519e-09	-4.348959e-09	-3.786924e+01	-1.093428e+03
2.100000e-07	-7.050027e-09	-4.270373e-09	-3.781296e+01	-1.093322e+03
2.200000e-07	-7.038904e-09	-4.226976e-09	-3.775331e+01	-1.093197e+03
2.300000e-07	-7.027087e-09	-4.308886e-09	-3.768992e+01	-1.093043e+03
2.400000e-07	-7.014742e-09	-4.331372e-09	-3.762371e+01	-1.092850e+03
2.500000e-07	-7.001876e-09	-4.249072e-09	-3.755471e+01	-1.092609e+03
2.600000e-07	-6.988369e-09	-4.252669e-09	-3.748226e+01	-1.092315e+03
2.700000e-07	-6.974256e-09	-4.322586e-09	-3.740656e+01	-1.091965e+03
2.800000e-07	-6.959535e-09	-4.284022e-09	-3.732761e+01	-1.091559e+03
2.900000e-07	-6.944028e-09	-4.234335e-09	-3.724444e+01	-1.091100e+03
3.000000e-07	-6.927763e-09	-4.294729e-09	-3.715720e+01	-1.090594e+03
3.100000e-07	-6.910999e-09	-4.306543e-09	-3.706729e+01	-1.090048e+03
3.200000e-07	-6.893857e-09	-4.233878e-09	-3.697535e+01	-1.089470e+03
3.300000e-07	-6.876304e-09	-4.261555e-09	-3.688120e+01	-1.088871e+03
3.400000e-07	-6.858347e-09	-4.325179e-09	-3.678489e+01	-1.088258e+03
3.500000e-07	-6.839962e-09	-4.263426e-09	-3.668628e+01	-1.087638e+03
3.600000e-07	-6.821052e-09	-4.216409e-09	-3.658485e+01	-1.087016e+03
3.700000e-07	-6.801626e-09	-4.291353e-09	-3.648066e+01	-1.086395e+03
3.800000e-07	-6.781813e-09	-4.304366e-09	-3.637439e+01	-1.085773e+03
3.900000e-07	-6.761640e-09	-4.230731e-09	-3.626619e+01	-1.085147e+03
4.000000e-07	-6.741017e-09	-4.251670e-09	-3.615558e+01	-1.084510e+03
4.100000e-07	-6.719904e-09	-4.301032e-09	-3.604234e+01	-1.083855e+03
4.200000e-07	-6.698311e-09	-4.249979e-09	-3.592653e+01	-1.083170e+03
4.300000e-07	-6.676258e-09	-4.232297e-09	-3.580825e+01	-1.082445e+03
4.400000e-07	-6.653764e-09	-4.280343e-09	-3.568760e+01	-1.081669e+03
4.500000e-07	-6.630804e-09	-4.253460e-09	-3.556446e+01	-1.080834e+03
4.600000e-07	-6.607391e-09	-4.214407e-09	-3.543888e+01	-1.079930e+03
4.700000e-07	-6.583625e-09	-4.252136e-09	-3.531141e+01	-1.078953e+03
4.800000e-07	-6.559541e-09	-4.253101e-09	-3.518224e+01	-1.077898e+03
4.900000e-07	-6.535016e-09	-4.206412e-09	-3.505069e+01	-1.076767e+03
5.000000e-07	-6.509889e-09	-4.221835e-09	-3.491592e+01	-1.075561e+03
5.100000e-07	-6.484043e-09	-4.240319e-09	-3.477730e+01	-1.074284e+03
5.200000e-07	-6.457447e-09	-4.205659e-09	-3.463465e+01	-1.072943e+03
5.300000e-07	-6.430215e-09	-4.200981e-09	-3.448859e+01	-1.071545e+03
5.400000e-07	-6.402538e-09	-4.218807e-09	-3.434014e+01	-1.070097e+03
5.500000e-07	-6.374533e-09	-4.195180e-09	-3.418994e+01	-1.068607e+03
5.600000e-07	-6.346188e-09	-4.181467e-09	-3.403791e+01	-1.067083e+03
5.700000e-07	-6.317427e-09	-4.194630e-09	-3.388365e+01	-1.065528e+03
5.800000e-07	-6.288222e-09	-4.182458e-09	-3.372701e+01	-1.063948e+03
5.900000e-07	-6.258607e-09	-4.167221e-09	-3.356817e+01	-1.062344e+03
6.000000e-07	-6.228605e-09	-4.172736e-09	-3.340725e+01	-1.060716e+03
6.100000e-07	-6.198180e-09	-4.162282e-09	-3.324407e+01	-1.059064e+03
6.200000e-07	-6.167294e-09	-4.147172e-09	-3.307841e+01	-1.057386e+03
6.300000e-07	-6.135987e-09	-4.150480e-09	-3.291049e+01	-1.055678e+03
6.400000e-07	-6.104344e-09	-4.144538e-09	-3.274077e+01	-1.053937e+03
6.500000e-07	-6.072414e-09	-4.129355e-09	-3.256952e+01	-1.052161e+03
6.600000e-07	-6.040154e-09	-4.127299e-09	-3.239649e+01	-1.050347e+03
6.700000e-07	-6.007400e-09	-4.123153e-09	-3.222082e+01	-1.048495e+03
6.800000e-07	-5.973976e-09	-4.110494e-09	-3.204155e+01	-1.046603e+03
6.900000e-07	-5.939837e-09	-4.104241e-09	-3.185844e+01	-1.044673e+03
7.000000e-07	-5.905057e-09	-4.097341e-09	-3.167190e+01	-1.042705e+03
7.100000e-07	-5.869771e-09	-4.085992e-09	-3.148264e+01	-1.040704e+03
7.200000e-07	-5.834128e-09	-4.080987e-09	-3.129147e+01	-1.038670e+03
7.300000e-07	-5.798216e-09	-4.077183e-09	-3.109885e+01	-1.036608e+03
7.400000e-07	-5.762028e-09	-4.066623e-09	-3.090476e+01	-1.034519e+03
7.500000e-07	-5.725500e-09	-4.056842e-09	-3.070884e+01	-1.032406e+03
7.600000e-07	-5.688560e-09	-4.049903e-09	-3.051071e+01	-1.030269e+03
7.700000e-07	-5.651179e-09	-4.041515e-09	-3.031022e+01	-1.028108e+03
7.800000e-07	-5.613364e-09	-4.031544e-09	-3.010740e+01	-1.025922e+03
7.900000e-07	-5.575131e-09	-4.022170e-09	-2.990233e+01	-1.023708e+03
8.000000e-07	-5.536480e-09	-4.014211e-09	-2.969503e+01	-1.021464e+03
8.100000e-07	-5.497409e-09	-4.007143e-09	-2.948547e+01	-1.019186e+03
8.200000e-07	-5.457961e-09	-3.998325e-09	-2.927389e+01	-1.016869e+03
8.300000e-07	-5.418240e-09	-3.989166e-09	-2.906084e+01	-1.014510e+03
8.400000e-07	-5.378307e-09	-3.980178e-09	-2.884666e+01	-1.012104e+03
8.500000e-07	-5.338109e-09	-3.969849e-09	-2.863106e+01	-1.009649e+03
8.600000e-07	-5.297507e-09	-3.959772e-09	-2.841329e+01	-1.007143e+03
8.700000e-07	-5.256391e-09	-3.951374e-09	-2.819276e+01	-1.004583e+03
8.800000e-07	-5.214712e-09	-3.941178e-09	-2.796922e+01	-1.001970e+03
8.900000e-07	-5.172481e-09	-3.929516e-09	-2.774272e+01	-9.993033e+02
9.000000e-07	-5.129762e-09	-3.919674e-09	-2.751359e+01	-9.965844e+02
9.100000e-07	-5.086607e-09	-3.910026e-09	-2.728212e+01	-9.938146e+02
9.200000e-07	-5.043053e-09	-3.898392e-09	-2.704853e+01	-9.909957e+02
9.300000e-07	-4.999166e-09	-3.886790e-09	-2.681314e+01	-9.881295e+02
9.400000e-07	-4.955005e-09	-3.875993e-09	-2.657627e+01	-9.852176e+02
9.500000e-07	-4.910560e-09	-3.864532e-09	-2.633789e+01	-9.822612e+02
9.600000e-07	-4.865779e-09	-3.853089e-09	-2.609771e+01	-9.792611e+02
9.700000e-07	-4.820633e-09	-3.842227e-09	-2.585557e+01	-9.762177e+02
9.800000e-07	-4.775134e-09	-3.830527e-09	-2.561153e+01	-9.731305e+02
9.900000e-07	-4.729316e-09	-3.817750e-09	-2.536579e+01	-9.699989e+02
1.000000e-06	-4.683198e-09	-3.805634e-09	-2.511843e+01	-9.668219e+02
1.010000e-06	-4.636775e-09	-3.794139e-09	-2.486944e+01	-9.635983e+02
1.020000e-06	-4.590022e-09	-3.781732e-09	-2.461869e+01	-9.603267e+02
1.030000e-06	-4.542928e-09	-3.768345e-09	-2.436609e+01	-9.570060e+02
1.040000e-06	-4.495528e-09	-3.755346e-09	-2.411186e+01	-9.536348e+02
1.050000e-06	-4.447860e-09	-3.742483e-09	-2.385619e+01	-9.502124e+02
1.060000e-06	-4.399946e-09	-3.729541e-09	-2.359921e+01	-9.467378e+02
1.070000e-06	-4.351780e-09	-3.716400e-09	-2.334087e+01	-9.432104e+02
1.080000e-06	-4.303314e-09	-3.702532e-09	-2.308092e+01	-9.396295e+02
1.090000e-06	-4.254471e-09	-3.687741e-09	-2.281895e+01	-9.359944e+02
1.100000e-06	-4.205175e-09	-3.673394e-09	-2.255455e+01	-9.323043e+02
1.110000e-06	-4.155383e-09	-3.659614e-09	-2.228749e+01	-9.285580e+02
1.120000e-06	-4.105109e-09	-3.645417e-09	-2.201785e+01	-9.247542e+02
1.130000e-06	-4.054390e-09	-3.630422e-09	-2.174581e+01	-9.208911e+02
1.140000e-06	-4.003276e-09	-3.615165e-09	-2.147166e+01	-9.169668e+02
1.150000e-06	-3.951838e-09	-3.599659e-09	-2.119578e+01	-9.129791e+02
1.160000e-06	-3.900115e-09	-3.584126e-09	-2.091836e+01	-9.089258e+02
1.170000e-06	-3.848119e-09	-3.568411e-09	-2.063947e+01	-9.048044e+02
1.180000e-06	-3.795836e-09	-3.551787e-09	-2.035905e+01	-9.006131e+02
1.190000e-06	-3.743244e-09	-3.534698e-09	-2.007698e+01	-8.963500e+02
1.200000e-06	-3.690336e-09	-3.518071e-09	-1.979320e+01	-8.920137e+02
1.210000e-06	-3.637130e-09	-3.501287e-09	-1.950783e+01	-8.876033e+02
1.220000e-06	-3.583662e-09	-3.483753e-09	-1.922106e+01	-8.831185e+02
1.230000e-06	-3.529957e-09	-3.465863e-09	-1.893301e+01	-8.785594e+02
1.240000e-06	-3.476026e-09	-3.447694e-09	-1.864375e+01	-8.739262e+02
1.250000e-06	-3.421878e-09	-3.429179e-09	-1.835332e+01	-8.692197e+02
1.260000e-06	-3.367503e-09	-3.410688e-09	-1.806168e+01	-8.644404e+02
1.270000e-06	-3.312895e-09	-3.391935e-09	-1.776879e+01	-8.595888e+02
1.280000e-06	-3.258052e-09	-3.372157e-09	-1.747464e+01	-8.546651e+02
1.290000e-06	-3.202969e-09	-3.352397e-09	-1.717920e+01	-8.496691e+02
1.300000e-06	-3.147660e-09	-3.333196e-09	-1.688255e+01	-8.445998e+02
1.310000e-06	-3.092153e-09	-3.313764e-09	-1.658484e+01	-8.394560e+02
1.320000e-06	-3.036483e-09	-3.293228e-09	-1.628625e+01	-8.342356e+02
1.330000e-06	-2.980674e-09	-3.271667e-09	-1.598691e+01	-8.289363e+02
1.340000e-06	-2.924733e-09	-3.249491e-09	-1.568688e+01	-8.235553e+02
1.350000e-06	-2.868660e-09	-3.227151e-09	-1.538613e+01	-8.180896e+02
1.360000e-06	-2.812447e-09	-3.204763e-09	-1.508462e+01	-8.125364e+02
1.370000e-06	-2.756081e-09	-3.181994e-09	-1.478230e+01	-8.068928e+02
1.380000e-06	-2.699540e-09	-3.158638e-09	-1.447905e+01	-8.011563e+02
1.390000e-06	-2.642790e-09	-3.135372e-09	-1.417467e+01	-7.953248e+02
1.400000e-06	-2.585799e-09	-3.112063e-09	-1.386899e+01	-7.893965e+02
1.410000e-06	-2.528544e-09	-3.087864e-09	-1.356191e+01	-7.833698e+02
1.420000e-06	-2.471009e-09	-3.062900e-09	-1.325332e+01	-7.772433e+02
1.430000e-06	-2.413187e-09	-3.037768e-09	-1.294319e+01	-7.710153e+02
1.440000e-06	-2.355069e-09	-3.012220e-09	-1.263148e+01	-7.646839e+02
1.450000e-06	-2.296655e-09	-2.986470e-09	-1.231817e+01	-7.582467e+02
1.460000e-06	-2.237965e-09	-2.960650e-09	-1.200339e+01	-7.517002e+02
1.470000e-06	-2.179014e-09	-2.934069e-09	-1.168721e+01	-7.450403e+02
1.480000e-06	-2.119836e-09	-2.906735e-09	-1.136980e+01	-7.382614e+02
1.490000e-06	-2.060471e-09	-2.879324e-09	-1.105140e+01	-7.313570e+02
1.500000e-06	-2.000956e-09	-2.851755e-09	-1.073219e+01	-7.243196e+02
1.510000e-06	-1.941328e-09	-2.823372e-09	-1.041237e+01	-7.171409e+02
1.520000e-06	-1.881612e-09	-2.794223e-09	-1.009208e+01	-7.098119e+02
1.530000e-06	-1.821823e-09	-2.764568e-09	-9.771400e+00	-7.023237e+02
1.540000e-06	-1.761963e-09	-2.734801e-09	-9.450336e+00	-6.946676e+02
1.550000e-06	-1.702037e-09	-2.704597e-09	-9.128923e+00	-6.868355e+02
1.560000e-06	-1.642045e-09	-2.673459e-09	-8.807157e+00	-6.788204e+02
1.570000e-06	-1.581978e-09	-2.641131e-09	-8.484986e+00	-6.706166e+02
1.580000e-06	-1.521831e-09	-2.607617e-09	-8.162384e+00	-6.622196e+02
1.590000e-06	-1.461599e-09	-2.573497e-09	-7.839325e+00	-6.536268e+02
1.600000e-06	-1.401271e-09	-2.539427e-09	-7.515758e+00	-6.448367e+02
1.610000e-06	-1.340849e-09	-2.505101e-09	-7.191680e+00	-6.358490e+02
1.620000e-06	-1.280331e-09	-2.469468e-09	-6.867093e+00	-6.266641e+02
1.630000e-06	-1.219717e-09	-2.432183e-09	-6.541986e+00	-6.172827e+02
1.640000e-06	-1.159019e-09	-2.394163e-09	-6.216435e+00	-6.077053e+02
1.650000e-06	-1.098255e-09	-2.355399e-09	-5.890527e+00	-5.979314e+02
1.660000e-06	-1.037426e-09	-2.315391e-09	-5.564265e+00	-5.879592e+02
1.670000e-06	-9.765360e-10	-2.274586e-09	-5.237682e+00	-5.777854e+02
1.680000e-06	-9.155935e-10	-2.233372e-09	-4.910816e+00	-5.674044e+02
1.690000e-06	-8.546008e-10	-2.191837e-09	-4.583681e+00	-5.568086e+02
1.700000e-06	-7.935505e-10	-2.149858e-09	-4.256236e+00	-5.459880e+02
1.710000e-06	-7.324358e-10	-2.106928e-09	-3.928447e+00	-5.349311e+02
1.720000e-06	-6.712604e-10	-2.062379e-09	-3.600331e+00	-5.236245e+02
1.730000e-06	-6.100274e-10	-2.016115e-09	-3.271907e+00	-5.120539e+02
1.740000e-06	-5.487421e-10	-1.968871e-09	-2.943202e+00	-5.002046e+02
1.750000e-06	-4.874015e-10	-1.920559e-09	-2.614200e+00	-4.880620e+02
1.760000e-06	-4.260126e-10	-1.870581e-09	-2.284940e+00	-4.756126e+02
1.770000e-06	-3.645889e-10	-1.819516e-09	-1.955492e+00	-4.628443e+02
1.780000e-06	-3.031374e-10	-1.767994e-09	-1.625896e+00	-4.497469e+02
1.790000e-06	-2.416796e-10	-1.715899e-09	-1.296266e+00	-4.363128e+02
1.800000e-06	-1.802214e-10	-1.662561e-09	-9.666328e-01	-4.225372e+02
1.810000e-06	-1.187590e-10	-1.607362e-09	-6.369778e-01	-4.084180e+02
1.820000e-06	-5.730025e-11	-1.550114e-09	-3.073426e-01	-3.939559e+02
1.830000e-06	4.152775e-12	-1.491347e-09	2.226200e-02	-3.791543e+02
1.840000e-06	6.560494e-11	-1.431458e-09	3.518620e-01	-3.640189e+02
1.850000e-06	1.270650e-10	-1.370064e-09	6.815044e-01	-3.485576e+02
1.860000e-06	1.885334e-10	-1.307089e-09	1.011192e+00	-3.327796e+02
1.870000e-06	2.500052e-10	-1.243089e-09	1.340897e+00	-3.166956e+02
1.880000e-06	3.114700e-10	-1.178414e-09	1.670565e+00	-3.003173e+02
1.890000e-06	3.729157e-10	-1.112731e-09	2.000130e+00	-2.836567e+02
1.900000e-06	4.343302e-10	-1.045725e-09	2.329528e+00	-2.667265e+02
1.910000e-06	4.957059e-10	-9.774445e-10	2.658718e+00	-2.495393e+02
1.920000e-06	5.570362e-10	-9.082265e-10	2.987664e+00	-2.321079e+02
1.930000e-06	6.183090e-10	-8.384620e-10	3.316302e+00	-2.144453e+02
1.940000e-06	6.795101e-10	-7.680613e-10	3.644555e+00	-1.965645e+02
1.950000e-06	7.406346e-10	-6.968489e-10	3.972397e+00	-1.784786e+02
1.960000e-06	8.016863e-10	-6.246013e-10	4.299849e+00	-1.602009e+02
1.970000e-06	8.626677e-10	-5.515284e-10	4.626924e+00	-1.417448e+02
1.980000e-06	9.235901e-10	-4.780742e-10	4.953682e+00	-1.231240e+02
1.990000e-06	9.844587e-10	-4.042638e-10	5.280152e+00	-1.043522e+02
2.000000e-06	1.045267e-09	-3.300899e-10	5.606298e+00	-8.544321e+01
2.010000e-06	1.106008e-09	-2.552136e-10	5.932085e+00	-6.641089e+01
2.020000e-06	1.166675e-09	-1.795532e-10	6.257471e+00	-4.726889e+01
2.030000e-06	1.227262e-09	-1.037798e-10	6.582433e+00	-2.803068e+01
2.040000e-06	1.287771e-09	-2.776238e-11	6.906975e+00	-8.709433e+00
2.050000e-06	1.348192e-09	4.927491e-11	7.231046e+00	1.068195e+01
2.060000e-06	1.408523e-09	1.269149e-10	7.554631e+00	3.013084e+01
2.070000e-06	1.468769e-09	2.043931e-10	7.877759e+00	4.962479e+01
2.080000e-06	1.528927e-09	2.813292e-10	8.200421e+00	6.915139e+01
2.090000e-06	1.589001e-09	3.576086e-10	8.522628e+00	8.869805e+01
2.100000e-06	1.649003e-09	4.339021e-10	8.844450e+00	1.082518e+02
2.110000e-06	1.708936e-09	5.108162e-10	9.165903e+00	1.277992e+02
2.120000e-06	1.768801e-09	5.878310e-10	9.486993e+00	1.473258e+02
2.130000e-06	1.828600e-09	6.644618e-10	9.807724e+00	1.668163e+02
2.140000e-06	1.888323e-09	7.412424e-10	1.012805e+01	1.862545e+02
2.150000e-06	1.947964e-09	8.184258e-10	1.044794e+01	2.056232e+02
2.160000e-06	2.007505e-09	8.949277e-10	1.076729e+01	2.249042e+02
2.170000e-06	2.066920e-09	9.698708e-10	1.108596e+01	2.440788e+02
2.180000e-06	2.126183e-09	1.043669e-09	1.140382e+01	2.631282e+02
2.190000e-06	2.185250e-09	1.117124e-09	1.172063e+01	2.820333e+02
2.200000e-06	2.244086e-09	1.190618e-09	1.203620e+01	3.007760e+02
2.210000e-06	2.302657e-09	1.263855e-09	1.235034e+01	3.193389e+02
2.220000e-06	2.360936e-09	1.336146e-09	1.266292e+01	3.377062e+02
2.230000e-06	2.418909e-09	1.407279e-09	1.297386e+01	3.558639e+02
2.240000e-06	2.476570e-09	1.477742e-09	1.328312e+01	3.737999e+02
2.250000e-06	2.533932e-09	1.547668e-09	1.359078e+01	3.915044e+02
2.260000e-06	2.591009e-09	1.616375e-09	1.389692e+01	4.089697e+02
2.270000e-06	2.647830e-09	1.683579e-09	1.420168e+01	4.261902e+02
2.280000e-06	2.704425e-09	1.749553e-09	1.450523e+01	4.431618e+02
2.290000e-06	2.760819e-09	1.814684e-09	1.480770e+01	4.598820e+02
2.300000e-06	2.817040e-09	1.879276e-09	1.510924e+01	4.763491e+02
2.310000e-06	2.873109e-09	1.942966e-09	1.540996e+01	4.925616e+02
2.320000e-06	2.929037e-09	2.005208e-09	1.570994e+01	5.085183e+02
2.330000e-06	2.984829e-09	2.066148e-09	1.600918e+01	5.242171e+02
2.340000e-06	3.040472e-09	2.126745e-09	1.630762e+01	5.396553e+02
2.350000e-06	3.095942e-09	2.187063e-09	1.660514e+01	5.548289e+02
2.360000e-06	3.151212e-09	2.246094e-09	1.690158e+01	5.697328e+02
2.370000e-06	3.206266e-09	2.303363e-09	1.719687e+01	5.843607e+02
2.380000e-06	3.261091e-09	2.359224e-09	1.749092e+01	5.987053e+02
2.390000e-06	3.315688e-09	2.414031e-09	1.778375e+01	6.127586e+02
2.400000e-06	3.370067e-09	2.467845e-09	1.807541e+01	6.265122e+02
2.410000e-06	3.424235e-09	2.520137e-09	1.836594e+01	6.399577e+02
2.420000e-06	3.478194e-09	2.570832e-09	1.865535e+01	6.530871e+02
2.430000e-06	3.531933e-09	2.620787e-09	1.894359e+01	6.658933e+02
2.440000e-06	3.585426e-09	2.670322e-09	1.923050e+01	6.783704e+02
2.450000e-06	3.638646e-09	2.718891e-09	1.951594e+01	6.905139e+02
2.460000e-06	3.691575e-09	2.765794e-09	1.979983e+01	7.023208e+02
2.470000e-06	3.744199e-09	2.810593e-09	2.008208e+01	7.137898e+02
2.480000e-06	3.796525e-09	2.853276e-09	2.036273e+01	7.249212e+02
2.490000e-06	3.848566e-09	2.894669e-09	2.064185e+01	7.357167e+02
2.500000e-06	3.900320e-09	2.935292e-09	2.091944e+01	7.461796e+02
2.510000e-06	3.951762e-09	2.975131e-09	2.119535e+01	7.563142e+02
2.520000e-06	4.002844e-09	3.013949e-09	2.146933e+01	7.661255e+02
2.530000e-06	4.053515e-09	3.051155e-09	2.174110e+01	7.756196e+02
2.540000e-06	4.103726e-09	3.086780e-09	2.201041e+01	7.848031e+02
2.550000e-06	4.153455e-09	3.121512e-09	2.227713e+01	7.936832e+02
2.560000e-06	4.202714e-09	3.155284e-09	2.254133e+01	8.022673e+02
2.570000e-06	4.251537e-09	3.187565e-09	2.280319e+01	8.105636e+02
2.580000e-06	4.300001e-09	3.218815e-09	2.306313e+01	8.185808e+02
2.590000e-06	4.348180e-09	3.249238e-09	2.332154e+01	8.263280e+02
2.600000e-06	4.396123e-09	3.279281e-09	2.357868e+01	8.338151e+02
2.610000e-06	4.443843e-09	3.308823e-09	2.383463e+01	8.410527e+02
2.620000e-06	4.491307e-09	3.336538e-09	2.408920e+01	8.480518e+02
2.630000e-06	4.538463e-09	3.362591e-09	2.434213e+01	8.548243e+02
2.640000e-06	4.585276e-09	3.387852e-09	2.459321e+01	8.613823e+02
2.650000e-06	4.631740e-09	3.412868e-09	2.484242e+01	8.677381e+02
2.660000e-06	4.677879e-09	3.437594e-09	2.508989e+01	8.739041e+02
2.670000e-06	4.723718e-09	3.461641e-09	2.533575e+01	8.798922e+02
2.680000e-06	4.769259e-09	3.485255e-09	2.558000e+01	8.857137e+02
2.690000e-06	4.814481e-09	3.508480e-09	2.582255e+01	8.913788e+02
2.700000e-06	4.859366e-09	3.530731e-09	2.606330e+01	8.968967e+02
2.710000e-06	4.903924e-09	3.551977e-09	2.630229e+01	9.022748e+02
2.720000e-06	4.948193e-09	3.572487e-09	2.653972e+01	9.075193e+02
2.730000e-06	4.992225e-09	3.592133e-09	2.677589e+01	9.126348e+02
2.740000e-06	5.036048e-09	3.611191e-09	2.701094e+01	9.176243e+02
2.750000e-06	5.079621e-09	3.630683e-09	2.724464e+01	9.224896e+02
2.760000e-06	5.122836e-09	3.650465e-09	2.747643e+01	9.272317e+02
2.770000e-06	5.165558e-09	3.669393e-09	2.770557e+01	9.318506e+02
2.780000e-06	5.207679e-09	3.687037e-09	2.793149e+01	9.363463e+02
2.790000e-06	5.249157e-09	3.703883e-09	2.815395e+01	9.407186e+02
2.800000e-06	5.290048e-09	3.720238e-09	2.837327e+01	9.449679e+02
2.810000e-06	5.330489e-09	3.735795e-09	2.859017e+01	9.490950e+02
2.820000e-06	5.370614e-09	3.750691e-09	2.880539e+01	9.531017e+02
2.830000e-06	5.410501e-09	3.765370e-09	2.901932e+01	9.569905e+02
2.840000e-06	5.450146e-09	3.779944e-09	2.923196e+01	9.607650e+02
2.850000e-06	5.489482e-09	3.794407e-09	2.944294e+01	9.644296e+02
2.860000e-06	5.528435e-09	3.808354e-09	2.965187e+01	9.679890e+02
2.870000e-06	5.566972e-09	3.821324e-09	2.985856e+01	9.714488e+02
2.880000e-06	5.605088e-09	3.833758e-09	3.006299e+01	9.748146e+02
2.890000e-06	5.642789e-09	3.846116e-09	3.026520e+01	9.780919e+02
2.900000e-06	5.680080e-09	3.858251e-09	3.046521e+01	9.812860e+02
2.910000e-06	5.716960e-09	3.870292e-09	3.066302e+01	9.844019e+02
2.920000e-06	5.753460e-09	3.882499e-09	3.085879e+01	9.874437e+02
2.930000e-06	5.789651e-09	3.894115e-09	3.105290e+01	9.904153e+02
2.940000e-06	5.825595e-09	3.904821e-09	3.124569e+01	9.933199e+02
2.950000e-06	5.861282e-09	3.915321e-09	3.143710e+01	9.961602e+02
2.960000e-06	5.896625e-09	3.926008e-09	3.162666e+01	9.989385e+02
2.970000e-06	5.931473e-09	3.936686e-09	3.181357e+01	1.001657e+03
2.980000e-06	5.965674e-09	3.946981e-09	3.199700e+01	1.004317e+03
2.990000e-06	5.999163e-09	3.957080e-09	3.217662e+01	1.006922e+03
3.000000e-06	6.032004e-09	3.967340e-09	3.235277e+01	1.009473e+03
3.010000e-06	6.064355e-09	3.977727e-09	3.252628e+01	1.011972e+03
3.020000e-06	6.096367e-09	3.987613e-09	3.269798e+01	1.014423e+03
3.030000e-06	6.128090e-09	3.996483e-09	3.286813e+01	1.016826e+03
3.040000e-06	6.159471e-09	4.005048e-09	3.303644e+01	1.019186e+03
3.050000e-06	6.190431e-09	4.014072e-09	3.320250e+01	1.021503e+03
3.060000e-06	6.220931e-09	4.023560e-09	3.336608e+01	1.023781e+03
3.070000e-06	6.250987e-09	4.033168e-09	3.352729e+01	1.026021e+03
3.080000e-06	6.280630e-09	4.042225e-09	3.368628e+01	1.028224e+03
3.090000e-06	6.309852e-09	4.050738e-09	3.384301e+01	1.030392e+03
3.100000e-06	6.338640e-09	4.059142e-09	3.399742e+01	1.032524e+03
3.110000e-06	6.367044e-09	4.067222e-09	3.414977e+01	1.034620e+03
3.120000e-06	6.395140e-09	4.074784e-09	3.430046e+01	1.036680e+03
3.130000e-06	6.422956e-09	4.082466e-09	3.444965e+01	1.038703e+03
3.140000e-06	6.450423e-09	4.090750e-09	3.459697e+01	1.040689e+03
3.150000e-06	6.477364e-09	4.099288e-09	3.474147e+01	1.042637e+03
3.160000e-06	6.503585e-09	4.107580e-09	3.488211e+01	1.044546e+03
3.170000e-06	6.529011e-09	4.115271e-09	3.501848e+01	1.046418e+03
3.180000e-06	6.553741e-09	4.122514e-09	3.515112e+01	1.048252e+03
3.190000e-06	6.577964e-09	4.129870e-09	3.528104e+01	1.050050e+03
3.200000e-06	6.601798e-09	4.137160e-09	3.540887e+01	1.051812e+03
3.210000e-06	6.625241e-09	4.144138e-09	3.553461e+01	1.053540e+03
3.220000e-06	6.648232e-09	4.151260e-09	3.565792e+01	1.055235e+03
3.230000e-06	6.670742e-09	4.158494e-09	3.577866e+01	1.056898e+03
3.240000e-06	6.692812e-09	4.165340e-09	3.589702e+01	1.058530e+03
3.250000e-06	6.714443e-09	4.171678e-09	3.601304e+01	1.060132e+03
3.260000e-06	6.735599e-09	4.177916e-09	3.612652e+01	1.061703e+03
3.270000e-06	6.756275e-09	4.184409e-09	3.623741e+01	1.063243e+03
3.280000e-06	6.776545e-09	4.190855e-09	3.634613e+01	1.064750e+03
3.290000e-06	6.796500e-09	4.197004e-09	3.645316e+01	1.066223e+03
3.300000e-06	6.816136e-09	4.203009e-09	3.655848e+01	1.067659e+03
3.310000e-06	6.835341e-09	4.208714e-09	3.666148e+01	1.069056e+03
3.320000e-06	6.853988e-09	4.214254e-09	3.676150e+01	1.070413e+03
3.330000e-06	6.872043e-09	4.219950e-09	3.685833e+01	1.071728e+03
3.340000e-06	6.889571e-09	4.225477e-09	3.695235e+01	1.073000e+03
3.350000e-06	6.906675e-09	4.230792e-09	3.704409e+01	1.074229e+03
3.360000e-06	6.923386e-09	4.236138e-09	3.713372e+01	1.075417e+03
3.370000e-06	6.939619e-09	4.241209e-09	3.722078e+01	1.076564e+03
3.380000e-06	6.955243e-09	4.245860e-09	3.730458e+01	1.077673e+03
3.390000e-06	6.970203e-09	4.250266e-09	3.738482e+01	1.078747e+03
3.400000e-06	6.984563e-09	4.254533e-09	3.746184e+01	1.079788e+03
3.410000e-06	6.998417e-09	4.258934e-09	3.753615e+01	1.080801e+03
3.420000e-06	7.011772e-09	4.263450e-09	3.760778e+01	1.081786e+03
3.430000e-06	7.024595e-09	4.267682e-09	3.767656e+01	1.082746e+03
3.440000e-06	7.036917e-09	4.271395e-09	3.774264e+01	1.083681e+03
3.450000e-06	7.048777e-09	4.274849e-09	3.780625e+01	1.084592e+03
3.460000e-06	7.060120e-09	4.278574e-09	3.786709e+01	1.085477e+03
3.470000e-06	7.070793e-09	4.282683e-09	3.792434e+01	1.086335e+03
3.480000e-06	7.080659e-09	4.286526e-09	3.797725e+01	1.087161e+03
3.490000e-06	7.089734e-09	4.289127e-09	3.802593e+01	1.087954e+03
3.500000e-06	7.098206e-09	4.291241e-09	3.807137e+01	1.088709e+03
3.510000e-06	7.106273e-09	4.294078e-09	3.811463e+01	1.089424e+03
3.520000e-06	7.113992e-09	4.297233e-09	3.815604e+01	1.090096e+03
3.530000e-06	7.121290e-09	4.300173e-09	3.819518e+01	1.090724e+03
3.540000e-06	7.128086e-09	4.302819e-09	3.823163e+01	1.091309e+03
3.550000e-06	7.134367e-09	4.305102e-09	3.826532e+01	1.091850e+03
3.560000e-06	7.140141e-09	4.306579e-09	3.829629e+01	1.092351e+03
3.570000e-06	7.145390e-09	4.307653e-09	3.832444e+01	1.092815e+03
3.580000e-06	7.150123e-09	4.309293e-09	3.834983e+01	1.093247e+03
3.590000e-06	7.154429e-09	4.310991e-09	3.837292e+01	1.093651e+03
3.600000e-06	7.158403e-09	4.312409e-09	3.839423e+01	1.094031e+03
3.610000e-06	7.162029e-09	4.313704e-09	3.841369e+01	1.094392e+03
3.620000e-06	7.165168e-09	4.314849e-09	3.843052e+01	1.094736e+03
3.630000e-06	7.167632e-09	4.315993e-09	3.844374e+01	1.095064e+03
3.640000e-06	7.169309e-09	4.316493e-09	3.845273e+01	1.095376e+03
3.650000e-06	7.170250e-09	4.316495e-09	3.845778e+01	1.095669e+03
3.660000e-06	7.170634e-09	4.317300e-09	3.845984e+01	1.095941e+03
3.670000e-06	7.170619e-09	4.318449e-09	3.845976e+01	1.096187e+03
3.680000e-06	7.170235e-09	4.318505e-09	3.845770e+01	1.096400e+03
3.690000e-06	7.169400e-09	4.318186e-09	3.845322e+01	1.096577e+03
3.700000e-06	7.168060e-09	4.318453e-09	3.844603e+01	1.096710e+03
3.710000e-06	7.166254e-09	4.319052e-09	3.843635e+01	1.096797e+03
3.720000e-06	7.164013e-09	4.319619e-09	3.842433e+01	1.096835e+03
3.730000e-06	7.161313e-09	4.318414e-09	3.840985e+01	1.096823e+03
3.740000e-06	7.158135e-09	4.313335e-09	3.839280e+01	1.096765e+03
3.750000e-06	7.154490e-09	4.318009e-09	3.837325e+01	1.096663e+03
3.760000e-06	7.150265e-09	4.346434e-09	3.835059e+01	1.096525e+03
3.770000e-06	7.145135e-09	4.343135e-09	3.832307e+01	1.096359e+03
3.780000e-06	7.139054e-09	4.277870e-09	3.829046e+01	1.096174e+03
3.790000e-06	7.132563e-09	4.278908e-09	3.825564e+01	1.095981e+03
3.800000e-06	7.126020e-09	4.358264e-09	3.822055e+01	1.095788e+03
3.810000e-06	7.119110e-09	4.357528e-09	3.818349e+01	1.095603e+03
3.820000e-06	7.111512e-09	4.271405e-09	3.814274e+01	1.095434e+03
3.830000e-06	7.103414e-09	4.265312e-09	3.809930e+01	1.095283e+03
3.840000e-06	7.095069e-09	4.353568e-09	3.805455e+01	1.095152e+03
3.850000e-06	7.086312e-09	4.354205e-09	3.800758e+01	1.095038e+03
3.860000e-06	7.076871e-09	4.263719e-09	3.795694e+01	1.094935e+03
3.870000e-06	7.066871e-09	4.265974e-09	3.790331e+01	1.094838e+03
3.880000e-06	7.056546e-09	4.352731e-09	3.784793e+01	1.094735e+03
3.890000e-06	7.045783e-09	4.334568e-09	3.779020e+01	1.094616e+03
3.900000e-06	7.034372e-09	4.251383e-09	3.772899e+01	1.094471e+03
3.910000e-06	7.022387e-09	4.291571e-09	3.766471e+01	1.094289e+03
3.920000e-06	7.009837e-09	4.371355e-09	3.759740e+01	1.094061e+03
3.930000e-06	6.996446e-09	4.309751e-09	3.752558e+01	1.093782e+03
3.940000e-06	6.982125e-09	4.238320e-09	3.744877e+01	1.093447e+03
3.950000e-06	6.967149e-09	4.311967e-09	3.736845e+01	1.093055e+03
3.960000e-06	6.951723e-09	4.355907e-09	3.728571e+01	1.092610e+03
3.970000e-06	6.935851e-09	4.270978e-09	3.720058e+01	1.092116e+03
3.980000e-06	6.919592e-09	4.256991e-09	3.711337e+01	1.091579e+03
3.990000e-06	6.902981e-09	4.328958e-09	3.702428e+01	1.091009e+03
4.000000e-06	6.885895e-09	4.288553e-09	3.693264e+01	1.090415e+03
4.010000e-06	6.868256e-09	4.218598e-09	3.683803e+01	1.089805e+03
4.020000e-06	6.850128e-09	4.288215e-09	3.674080e+01	1.089187e+03
4.030000e-06	6.831534e-09	4.338725e-09	3.664107e+01	1.088566e+03
4.040000e-06	6.812445e-09	4.258316e-09	3.653869e+01	1.087944e+03
4.050000e-06	6.792908e-09	4.244191e-09	3.643390e+01	1.087323e+03
4.060000e-06	6.773008e-09	4.312591e-09	3.632717e+01	1.086699e+03
4.070000e-06	6.752739e-09	4.266874e-09	3.621845e+01	1.086066e+03
4.080000e-06	6.732024e-09	4.202207e-09	3.610735e+01	1.085417e+03
4.090000e-06	6.710721e-09	4.268491e-09	3.599309e+01	1.084740e+03
4.100000e-06	6.688662e-09	4.289615e-09	3.587477e+01	1.084027e+03
4.110000e-06	6.665840e-09	4.220441e-09	3.575237e+01	1.083266e+03
4.120000e-06	6.642427e-09	4.251543e-09	3.562680e+01	1.082447e+03
4.130000e-06	6.618607e-09	4.303402e-09	3.549904e+01	1.081562e+03
4.140000e-06	6.594470e-09	4.238519e-09	3.536957e+01	1.080605e+03
4.150000e-06	6.569998e-09	4.217478e-09	3.523832e+01	1.079571e+03
4.160000e-06	6.545082e-09	4.271851e-09	3.510468e+01	1.078460e+03
4.170000e-06	6.519646e-09	4.241577e-09	3.496826e+01	1.077273e+03
4.180000e-06	6.493737e-09	4.204491e-09	3.482929e+01	1.076014e+03
4.190000e-06	6.467370e-09	4.242115e-09	3.468787e+01	1.074689e+03
4.200000e-06	6.440494e-09	4.232243e-09	3.454372e+01	1.073305e+03
4.210000e-06	6.413137e-09	4.195634e-09	3.439699e+01	1.071870e+03
4.220000e-06	6.385394e-09	4.217558e-09	3.424819e+01	1.070391e+03
4.230000e-06	6.357352e-09	4.216672e-09	3.409779e+01	1.068875e+03
4.240000e-06	6.329014e-09	4.183294e-09	3.394580e+01	1.067328e+03
4.250000e-06	6.300243e-09	4.188784e-09	3.379148e+01	1.065755e+03
4.260000e-06	6.270862e-09	4.190334e-09	3.363390e+01	1.064157e+03
4.270000e-06	6.240774e-09	4.169877e-09	3.347252e+01	1.062536e+03
4.280000e-06	6.209992e-09	4.173622e-09	3.330742e+01	1.060891e+03
4.290000e-06	6.178639e-09	4.170331e-09	3.313926e+01	1.059219e+03
4.300000e-06	6.146865e-09	4.149763e-09	3.296884e+01	1.057519e+03
4.310000e-06	6.114741e-09	4.150681e-09	3.279654e+01	1.055788e+03
4.320000e-06	6.082244e-09	4.148584e-09	3.262224e+01	1.054021e+03
4.330000e-06	6.049335e-09	4.130490e-09	3.244573e+01	1.052218e+03
4.340000e-06	6.015996e-09	4.128065e-09	3.226692e+01	1.050376e+03
4.350000e-06	5.982243e-09	4.124081e-09	3.208589e+01	1.048495e+03
4.360000e-06	5.948103e-09	4.108113e-09	3.190277e+01	1.046574e+03
4.370000e-06	5.913552e-09	4.105490e-09	3.171746e+01	1.044617e+03
4.380000e-06	5.878561e-09	4.101699e-09	3.152978e+01	1.042624e+03
4.390000e-06	5.843175e-09	4.085013e-09	3.133999e+01	1.040599e+03
4.400000e-06	5.807474e-09	4.077650e-09	3.114851e+01	1.038544e+03
4.410000e-06	5.771516e-09	4.074682e-09	3.095564e+01	1.036463e+03
4.420000e-06	5.735294e-09	4.063474e-09	3.076137e+01	1.034356e+03
4.430000e-06	5.698707e-09	4.054233e-09	3.056513e+01	1.032225e+03
4.440000e-06	5.661592e-09	4.046494e-09	3.036606e+01	1.030071e+03
4.450000e-06	5.623833e-09	4.036630e-09	3.016355e+01	1.027892e+03
4.460000e-06	5.585397e-09	4.028719e-09	2.995740e+01	1.025686e+03
4.470000e-06	5.546344e-09	4.019850e-09	2.974793e+01	1.023450e+03
4.480000e-06	5.506815e-09	4.009532e-09	2.953592e+01	1.021181e+03
4.490000e-06	5.466950e-09	4.001325e-09	2.932210e+01	1.018875e+03
4.500000e-06	5.426804e-09	3.990969e-09	2.910678e+01	1.016528e+03
4.510000e-06	5.386363e-09	3.980156e-09	2.888987e+01	1.014135e+03
4.520000e-06	5.345581e-09	3.972427e-09	2.867114e+01	1.011693e+03
4.530000e-06	5.304426e-09	3.962166e-09	2.845040e+01	1.009200e+03
4.540000e-06	5.262915e-09	3.948912e-09	2.822775e+01	1.006655e+03
4.550000e-06	5.221089e-09	3.939533e-09	2.800342e+01	1.004056e+03
4.560000e-06	5.178936e-09	3.931381e-09	2.777733e+01	1.001403e+03
4.570000e-06	5.136404e-09	3.919702e-09	2.754921e+01	9.986981e+02
4.580000e-06	5.093478e-09	3.907952e-09	2.731897e+01	9.959416e+02
4.590000e-06	5.050184e-09	3.898378e-09	2.708677e+01	9.931356e+02
4.600000e-06	5.006567e-09	3.887330e-09	2.685283e+01	9.902818e+02
4.610000e-06	4.962681e-09	3.874734e-09	2.661744e+01	9.873819e+02
4.620000e-06	4.918558e-09	3.863264e-09	2.638079e+01	9.844373e+02
4.630000e-06	4.874181e-09	3.851448e-09	2.614277e+01	9.814488e+02
4.640000e-06	4.829477e-09	3.838206e-09	2.590300e+01	9.784169e+02
4.650000e-06	4.784368e-09	3.825974e-09	2.566106e+01	9.753414e+02
4.660000e-06	4.738849e-09	3.814963e-09	2.541691e+01	9.722217e+02
4.670000e-06	4.692959e-09	3.802524e-09	2.517078e+01	9.690569e+02
4.680000e-06	4.646745e-09	3.788563e-09	2.492291e+01	9.658458e+02
4.690000e-06	4.600247e-09	3.774928e-09	2.467352e+01	9.625870e+02
4.700000e-06	4.553481e-09	3.761809e-09	2.442269e+01	9.592794e+02
4.710000e-06	4.506435e-09	3.748317e-09	2.417035e+01	9.559217e+02
4.720000e-06	4.459075e-09	3.734772e-09	2.391634e+01	9.525129e+02
4.730000e-06	4.411357e-09	3.721369e-09	2.366040e+01	9.490522e+02
4.740000e-06	4.363237e-09	3.707450e-09	2.340231e+01	9.455389e+02
4.750000e-06	4.314692e-09	3.692806e-09	2.314194e+01	9.419722e+02
4.760000e-06	4.265730e-09	3.678148e-09	2.287933e+01	9.383515e+02
4.770000e-06	4.216393e-09	3.663312e-09	2.261472e+01	9.346760e+02
4.780000e-06	4.166728e-09	3.648087e-09	2.234834e+01	9.309447e+02
4.790000e-06	4.116760e-09	3.632572e-09	2.208033e+01	9.271563e+02
4.800000e-06	4.066500e-09	3.617169e-09	2.181076e+01	9.233090e+02
4.810000e-06	4.015944e-09	3.602117e-09	2.153960e+01	9.194011e+02
4.820000e-06	3.965086e-09	3.586836e-09	2.126683e+01	9.154304e+02
4.830000e-06	3.913932e-09	3.570212e-09	2.099246e+01	9.113945e+02
4.840000e-06	3.862492e-09	3.553319e-09	2.071656e+01	9.072913e+02
4.850000e-06	3.810775e-09	3.537049e-09	2.043917e+01	9.031186e+02
4.860000e-06	3.758782e-09	3.520077e-09	2.016031e+01	8.988745e+02
4.870000e-06	3.706508e-09	3.502052e-09	1.987993e+01	8.945575e+02
4.880000e-06	3.653935e-09	3.484244e-09	1.959796e+01	8.901667e+02
4.890000e-06	3.601032e-09	3.466456e-09	1.931421e+01	8.857016e+02
4.900000e-06	3.547758e-09	3.447902e-09	1.902848e+01	8.811620e+02
4.910000e-06	3.494088e-09	3.429419e-09	1.874062e+01	8.765482e+02
4.920000e-06	3.440005e-09	3.411204e-09	1.845055e+01	8.718610e+02
4.930000e-06	3.385525e-09	3.392217e-09	1.815834e+01	8.671008e+02
4.940000e-06	3.330686e-09	3.372630e-09	1.786421e+01	8.622682e+02
4.950000e-06	3.275523e-09	3.353244e-09	1.756835e+01	8.573636e+02
4.960000e-06	3.220097e-09	3.333721e-09	1.727107e+01	8.523867e+02
4.970000e-06	3.164459e-09	3.313931e-09	1.697265e+01	8.473369e+02
4.980000e-06	3.108641e-09	3.293723e-09	1.667327e+01	8.422129e+02
4.990000e-06	3.052662e-09	3.272810e-09	1.637302e+01	8.370129e+02
5.000000e-06	2.996524e-09	3.251734e-09	1.607193e+01	8.317347e+02
5.010000e-06	2.940226e-09	3.231091e-09	1.576997e+01	8.263754e+02
5.020000e-06	2.883755e-09	3.210360e-09	1.546709e+01	8.209323e+02
5.030000e-06	2.827103e-09	3.188945e-09	1.516323e+01	8.154023e+02
5.040000e-06	2.770267e-09	3.166745e-09	1.485839e+01	8.097827e+02
5.050000e-06	2.713242e-09	3.144144e-09	1.455254e+01	8.040708e+02
5.060000e-06	2.656032e-09	3.121745e-09	1.424569e+01	7.982644e+02
5.070000e-06	2.598639e-09	3.099438e-09	1.393786e+01	7.923617e+02
5.080000e-06	2.541064e-09	3.076365e-09	1.362906e+01	7.863609e+02
5.090000e-06	2.483313e-09	3.052617e-09	1.331931e+01	7.802607e+02
5.100000e-06	2.425389e-09	3.028759e-09	1.300863e+01	7.740594e+02
5.110000e-06	2.367292e-09	3.004995e-09	1.269703e+01	7.677554e+02
5.120000e-06	2.309020e-09	2.980780e-09	1.238449e+01	7.613462e+02
5.130000e-06	2.250571e-09	2.955514e-09	1.207099e+01	7.548287e+02
5.140000e-06	2.191939e-09	2.929450e-09	1.175652e+01	7.481990e+02
5.150000e-06	2.133128e-09	2.903298e-09	1.144109e+01	7.414519e+02
5.160000e-06	2.074151e-09	2.876790e-09	1.112476e+01	7.345810e+02
5.170000e-06	2.015022e-09	2.849388e-09	1.080762e+01	7.275792e+02
5.180000e-06	1.955766e-09	2.821406e-09	1.048980e+01	7.204383e+02
5.190000e-06	1.896398e-09	2.792796e-09	1.017138e+01	7.131495e+02
5.200000e-06	1.836922e-09	2.763691e-09	9.852379e+00	7.057037e+02
5.210000e-06	1.777348e-09	2.734314e-09	9.532850e+00	6.980923e+02
5.220000e-06	1.717683e-09	2.704136e-09	9.212834e+00	6.903070e+02
5.230000e-06	1.657932e-09	2.672301e-09	8.892359e+00	6.823403e+02
5.240000e-06	1.598105e-09	2.639606e-09	8.571477e+00	6.741862e+02
5.250000e-06	1.538208e-09	2.606995e-09	8.250216e+00	6.658400e+02
5.260000e-06	1.478239e-09	2.573785e-09	7.928566e+00	6.572985e+02
5.270000e-06	1.418200e-09	2.539687e-09	7.606549e+00	6.485600e+02
5.280000e-06	1.358090e-09	2.505090e-09	7.284143e+00	6.396239e+02
5.290000e-06	1.297905e-09	2.469620e-09	6.961341e+00	6.304905e+02
5.300000e-06	1.237649e-09	2.433085e-09	6.638157e+00	6.211604e+02
5.310000e-06	1.177327e-09	2.395780e-09	6.314616e+00	6.116343e+02
5.320000e-06	1.116948e-09	2.357301e-09	5.990772e+00	6.019118e+02
5.330000e-06	1.056516e-09	2.318020e-09	5.666645e+00	5.919918e+02
5.340000e-06	9.960283e-10	2.279018e-09	5.342218e+00	5.818712e+02
5.350000e-06	9.354814e-10	2.239930e-09	5.017473e+00	5.715451e+02
5.360000e-06	8.748775e-10	2.199613e-09	4.692423e+00	5.610063e+02
5.370000e-06	8.142077e-10	2.157792e-09	4.367020e+00	5.502456e+02
5.380000e-06	7.534658e-10	2.114948e-09	4.041230e+00	5.392517e+02
5.390000e-06	6.926570e-10	2.070921e-09	3.715081e+00	5.280117e+02
5.400000e-06	6.317798e-10	2.025499e-09	3.388566e+00	5.165115e+02
5.410000e-06	5.708322e-10	1.979117e-09	3.061673e+00	5.047364e+02
5.420000e-06	5.098191e-10	1.931695e-09	2.734429e+00	4.926718e+02
5.430000e-06	4.487480e-10	1.883059e-09	2.406874e+00	4.803038e+02
5.440000e-06	3.876334e-10	1.833283e-09	2.079086e+00	4.676198e+02
5.450000e-06	3.264876e-10	1.782264e-09	1.751130e+00	4.546092e+02
5.460000e-06	2.653243e-10	1.730049e-09	1.423080e+00	4.412636e+02
5.470000e-06	2.041557e-10	1.676658e-09	1.095002e+00	4.275776e+02
5.480000e-06	1.429915e-10	1.622376e-09	7.669477e-01	4.135481e+02
5.490000e-06	8.183577e-11	1.567180e-09	4.389388e-01	3.991754e+02
5.500000e-06	2.067801e-11	1.509778e-09	1.109189e-01	3.844621e+02
5.510000e-06	-4.048476e-11	1.449990e-09	-2.171278e-01	3.694133e+02
5.520000e-06	-1.016469e-10	1.389097e-09	-5.451708e-01	3.540363e+02
5.530000e-06	-1.627961e-10	1.327600e-09	-8.731451e-01	3.383401e+02
5.540000e-06	-2.239340e-10	1.265111e-09	-1.201058e+00	3.223352e+02
5.550000e-06	-2.850681e-10	1.201284e-09	-1.528951e+00	3.060327e+02
5.560000e-06	-3.461874e-10	1.136282e-09	-1.856764e+00	2.894449e+02
5.570000e-06	-4.072768e-10	1.070503e-09	-2.184417e+00	2.725840e+02
5.580000e-06	-4.683185e-10	1.003849e-09	-2.511815e+00	2.554629e+02
5.590000e-06	-5.293065e-10	9.360162e-10	-2.838924e+00	2.380942e+02
5.600000e-06	-5.902341e-10	8.667018e-10	-3.165710e+00	2.204910e+02
5.610000e-06	-6.510850e-10	7.961330e-10	-3.492084e+00	2.026661e+02
5.620000e-06	-7.118608e-10	7.251507e-10	-3.818056e+00	1.846327e+02
5.630000e-06	-7.725695e-10	6.538656e-10	-4.143668e+00	1.664040e+02
5.640000e-06	-8.332083e-10	5.820990e-10	-4.468905e+00	1.479934e+02
5.650000e-06	-8.937825e-10	5.095801e-10	-4.793796e+00	1.294145e+02
5.660000e-06	-9.542980e-10	4.361623e-10	-5.118372e+00	1.106810e+02
5.670000e-06	-1.014754e-09	3.621388e-10	-5.442629e+00	9.180673e+01
5.680000e-06	-1.075150e-09	2.874541e-10	-5.766565e+00	7.280556e+01
5.690000e-06	-1.135481e-09	2.118729e-10	-6.090153e+00	5.369117e+01
5.700000e-06	-1.195758e-09	1.356695e-10	-6.413451e+00	3.447710e+01
5.710000e-06	-1.255980e-09	5.928475e-11	-6.736450e+00	1.517660e+01
5.720000e-06	-1.316135e-09	-1.685050e-11	-7.059098e+00	-4.197339e+00
5.730000e-06	-1.376223e-09	-9.248990e-11	-7.381380e+00	-2.363205e+01
5.740000e-06	-1.436242e-09	-1.681386e-10	-7.703294e+00	-4.311504e+01
5.750000e-06	-1.496193e-09	-2.444774e-10	-8.024845e+00	-6.263390e+01
5.760000e-06	-1.556074e-09	-3.213987e-10	-8.346015e+00	-8.217613e+01
5.770000e-06	-1.615882e-09	-3.983522e-10	-8.666801e+00	-1.017289e+02
5.780000e-06	-1.675611e-09	-4.751873e-10	-8.987156e+00	-1.212788e+02
5.790000e-06	-1.735249e-09	-5.519262e-10	-9.307029e+00	-1.408118e+02
5.800000e-06	-1.794793e-09	-6.286171e-10	-9.626397e+00	-1.603128e+02
5.810000e-06	-1.854239e-09	-7.054122e-10	-9.945235e+00	-1.797658e+02
5.820000e-06	-1.913565e-09	-7.818135e-10	-1.026343e+01	-1.991538e+02
5.830000e-06	-1.972757e-09	-8.572670e-10	-1.058091e+01	-2.184590e+02
5.840000e-06	-2.031807e-09	-9.322455e-10	-1.089762e+01	-2.376627e+02
5.850000e-06	-2.090702e-09	-1.007091e-09	-1.121351e+01	-2.567461e+02
5.860000e-06	-2.149429e-09	-1.081481e-09	-1.152849e+01	-2.756901e+02
5.870000e-06	-2.207982e-09	-1.155117e-09	-1.184254e+01	-2.944763e+02
5.880000e-06	-2.266364e-09	-1.228035e-09	-1.215568e+01	-3.130872e+02
5.890000e-06	-2.324577e-09	-1.300526e-09	-1.246790e+01	-3.315063e+02
5.900000e-06	-2.382616e-09	-1.372587e-09	-1.277920e+01	-3.497193e+02
5.910000e-06	-2.440476e-09	-1.443899e-09	-1.308953e+01	-3.677135e+02
5.920000e-06	-2.498150e-09	-1.513822e-09	-1.339887e+01	-3.854785e+02
5.930000e-06	-2.555634e-09	-1.582096e-09	-1.370718e+01	-4.030061e+02
5.940000e-06	-2.612926e-09	-1.649414e-09	-1.401447e+01	-4.202902e+02
5.950000e-06	-2.670025e-09	-1.716376e-09	-1.432072e+01	-4.373263e+02
5.960000e-06	-2.726925e-09	-1.782979e-09	-1.462591e+01	-4.541115e+02
5.970000e-06	-2.783623e-09	-1.848449e-09	-1.493001e+01	-4.706439e+02
5.980000e-06	-2.840127e-09	-1.912312e-09	-1.523307e+01	-4.869222e+02
5.990000e-06	-2.896458e-09	-1.975076e-09	-1.553520e+01	-5.029450e+02
6.000000e-06	-2.952636e-09	-2.036856e-09	-1.583651e+01	-5.187106e+02
6.010000e-06	-3.008679e-09	-2.097542e-09	-1.613710e+01	-5.342164e+02
6.020000e-06	-3.064584e-09	-2.157373e-09	-1.643695e+01	-5.494587e+02
6.030000e-06	-3.120335e-09	-2.216262e-09	-1.673597e+01	-5.644328e+02
6.040000e-06	-3.175901e-09	-2.273985e-09	-1.703400e+01	-5.791328e+02
6.050000e-06	-3.231236e-09	-2.330811e-09	-1.733079e+01	-5.935514e+02
6.060000e-06	-3.286280e-09	-2.386772e-09	-1.762602e+01	-6.076809e+02
6.070000e-06	-3.340980e-09	-2.441365e-09	-1.791941e+01	-6.215129e+02
6.080000e-06	-3.395307e-09	-2.494342e-09	-1.821079e+01	-6.350390e+02
6.090000e-06	-3.449229e-09	-2.546037e-09	-1.850000e+01	-6.482510e+02
6.100000e-06	-3.502745e-09	-2.596749e-09	-1.878703e+01	-6.611417e+02
6.110000e-06	-3.555879e-09	-2.646305e-09	-1.907202e+01	-6.737047e+02
6.120000e-06	-3.608659e-09	-2.694606e-09	-1.935510e+01	-6.859350e+02
6.130000e-06	-3.661121e-09	-2.741792e-09	-1.963648e+01	-6.978294e+02
6.140000e-06	-3.713305e-09	-2.787779e-09	-1.991637e+01	-7.093861e+02
6.150000e-06	-3.765235e-09	-2.832153e-09	-2.019490e+01	-7.206050e+02
6.160000e-06	-3.816905e-09	-2.875434e-09	-2.047203e+01	-7.314875e+02
6.170000e-06	-3.868302e-09	-2.917721e-09	-2.074770e+01	-7.420363e+02
6.180000e-06	-3.919405e-09	-2.958339e-09	-2.102179e+01	-7.522556e+02
6.190000e-06	-3.970199e-09	-2.997373e-09	-2.129423e+01	-7.621502e+02
6.200000e-06	-4.020693e-09	-3.035343e-09	-2.156505e+01	-7.717261e+02
6.210000e-06	-4.070892e-09	-3.072207e-09	-2.183430e+01	-7.809895e+02
6.220000e-06	-4.120789e-09	-3.107493e-09	-2.210192e+01	-7.899476e+02
6.230000e-06	-4.170346e-09	-3.141673e-09	-2.236772e+01	-7.986078e+02
6.240000e-06	-4.219501e-09	-3.174899e-09	-2.263136e+01	-8.069780e+02
6.250000e-06	-4.268196e-09	-3.206773e-09	-2.289254e+01	-8.150668e+02
6.260000e-06	-4.316404e-09	-3.237551e-09	-2.315110e+01	-8.228832e+02
6.270000e-06	-4.364149e-09	-3.267742e-09	-2.340718e+01	-8.304369e+02
6.280000e-06	-4.411488e-09	-3.296893e-09	-2.366109e+01	-8.377382e+02
6.290000e-06	-4.458495e-09	-3.324857e-09	-2.391321e+01	-8.447982e+02
6.300000e-06	-4.505226e-09	-3.352320e-09	-2.416386e+01	-8.516284e+02
6.310000e-06	-4.551721e-09	-3.378986e-09	-2.441323e+01	-8.582409e+02
6.320000e-06	-4.597991e-09	-3.404004e-09	-2.466140e+01	-8.646480e+02
6.330000e-06	-4.644016e-09	-3.427778e-09	-2.490826e+01	-8.708621e+02
6.340000e-06	-4.689748e-09	-3.451118e-09	-2.515354e+01	-8.768952e+02
6.350000e-06	-4.735142e-09	-3.473963e-09	-2.539701e+01	-8.827589e+02
6.360000e-06	-4.780171e-09	-3.495920e-09	-2.563853e+01	-8.884635e+02
6.370000e-06	-4.824847e-09	-3.517247e-09	-2.587815e+01	-8.940187e+02
6.380000e-06	-4.869225e-09	-3.538371e-09	-2.611617e+01	-8.994322e+02
6.390000e-06	-4.913370e-09	-3.559371e-09	-2.635294e+01	-9.047108e+02
6.400000e-06	-4.957307e-09	-3.579975e-09	-2.658860e+01	-9.098592e+02
6.410000e-06	-5.001012e-09	-3.599608e-09	-2.682302e+01	-9.148809e+02
6.420000e-06	-5.044421e-09	-3.618206e-09	-2.705584e+01	-9.197781e+02
6.430000e-06	-5.087470e-09	-3.636268e-09	-2.728674e+01	-9.245518e+02
6.440000e-06	-5.130140e-09	-3.654603e-09	-2.751560e+01	-9.292024e+02
6.450000e-06	-5.172459e-09	-3.673098e-09	-2.774258e+01	-9.337299e+02
6.460000e-06	-5.214448e-09	-3.690581e-09	-2.796779e+01	-9.381339e+02
6.470000e-06	-5.256090e-09	-3.706902e-09	-2.819113e+01	-9.424148e+02
6.480000e-06	-5.297353e-09	-3.723181e-09	-2.841245e+01	-9.465733e+02
6.490000e-06	-5.338218e-09	-3.739823e-09	-2.863163e+01	-9.506107e+02
6.500000e-06	-5.378718e-09	-3.755816e-09	-2.884885e+01	-9.545296e+02
6.510000e-06	-5.418924e-09	-3.770666e-09	-2.906450e+01	-9.583332e+02
6.520000e-06	-5.458889e-09	-3.785035e-09	-2.927885e+01	-9.620255e+02
6.530000e-06	-5.498597e-09	-3.799439e-09	-2.949183e+01	-9.656115e+02
6.540000e-06	-5.537950e-09	-3.813905e-09	-2.970290e+01	-9.690964e+02
6.550000e-06	-5.576811e-09	-3.827863e-09	-2.991133e+01	-9.724858e+02
6.560000e-06	-5.615062e-09	-3.840981e-09	-3.011649e+01	-9.757853e+02
6.570000e-06	-5.652652e-09	-3.853514e-09	-3.031810e+01	-9.790003e+02
6.580000e-06	-5.689627e-09	-3.866020e-09	-3.051642e+01	-9.821357e+02
6.590000e-06	-5.726124e-09	-3.878599e-09	-3.071217e+01	-9.851961e+02
6.600000e-06	-5.762288e-09	-3.890307e-09	-3.090614e+01	-9.881853e+02
6.610000e-06	-5.798190e-09	-3.900798e-09	-3.109870e+01	-9.911068e+02
6.620000e-06	-5.833799e-09	-3.911212e-09	-3.128969e+01	-9.939632e+02
6.630000e-06	-5.869037e-09	-3.922447e-09	-3.147869e+01	-9.967571e+02
6.640000e-06	-5.903842e-09	-3.934005e-09	-3.166536e+01	-9.994906e+02
6.650000e-06	-5.938208e-09	-3.944848e-09	-3.184969e+01	-1.002166e+03
6.660000e-06	-5.972151e-09	-3.954657e-09	-3.203174e+01	-1.004784e+03
6.670000e-06	-6.005655e-09	-3.964045e-09	-3.221144e+01	-1.007349e+03
6.680000e-06	-6.038703e-09	-3.974006e-09	-3.238870e+01	-1.009861e+03
6.690000e-06	-6.071322e-09	-3.984277e-09	-3.256365e+01	-1.012323e+03
6.700000e-06	-6.103584e-09	-3.993629e-09	-3.273669e+01	-1.014738e+03
6.710000e-06	-6.135541e-09	-4.002224e-09	-3.290809e+01	-1.017109e+03
6.720000e-06	-6.167147e-09	-4.011106e-09	-3.307761e+01	-1.019437e+03
6.730000e-06	-6.198263e-09	-4.020335e-09	-3.324450e+01	-1.021725e+03
6.740000e-06	-6.228748e-09	-4.029235e-09	-3.340801e+01	-1.023974e+03
6.750000e-06	-6.258535e-09	-4.037861e-09	-3.356777e+01	-1.026186e+03
6.760000e-06	-6.287653e-09	-4.046315e-09	-3.372394e+01	-1.028363e+03
6.770000e-06	-6.316234e-09	-4.054351e-09	-3.387724e+01	-1.030503e+03
6.780000e-06	-6.344445e-09	-4.062171e-09	-3.402855e+01	-1.032608e+03
6.790000e-06	-6.372370e-09	-4.069596e-09	-3.417833e+01	-1.034677e+03
6.800000e-06	-6.399955e-09	-4.076476e-09	-3.432628e+01	-1.036710e+03
6.810000e-06	-6.427098e-09	-4.083770e-09	-3.447186e+01	-1.038705e+03
6.820000e-06	-6.453752e-09	-4.092113e-09	-3.461482e+01	-1.040663e+03
6.830000e-06	-6.479934e-09	-4.100702e-09	-3.475525e+01	-1.042582e+03
6.840000e-06	-6.505643e-09	-4.108266e-09	-3.489314e+01	-1.044464e+03
6.850000e-06	-6.530845e-09	-4.114837e-09	-3.502831e+01	-1.046307e+03
6.860000e-06	-6.555563e-09	-4.121221e-09	-3.516088e+01	-1.048114e+03
6.870000e-06	-6.579900e-09	-4.127790e-09	-3.529142e+01	-1.049885e+03
6.880000e-06	-6.603957e-09	-4.134590e-09	-3.542045e+01	-1.051621e+03
6.890000e-06	-6.627711e-09	-4.141030e-09	-3.554786e+01	-1.053324e+03
6.900000e-06	-6.651028e-09	-4.147065e-09	-3.567292e+01	-1.054995e+03
6.910000e-06	-6.673730e-09	-4.153548e-09	-3.579468e+01	-1.056635e+03
6.920000e-06	-6.695685e-09	-4.160203e-09	-3.591243e+01	-1.058244e+03
6.930000e-06	-6.716901e-09	-4.166141e-09	-3.602623e+01	-1.059823e+03
6.940000e-06	-6.737525e-09	-4.171455e-09	-3.613684e+01	-1.061371e+03
6.950000e-06	-6.757736e-09	-4.176625e-09	-3.624525e+01	-1.062886e+03
6.960000e-06	-6.777627e-09	-4.181897e-09	-3.635193e+01	-1.064368e+03
6.970000e-06	-6.797142e-09	-4.187465e-09	-3.645660e+01	-1.065813e+03
6.980000e-06	-6.816183e-09	-4.192925e-09	-3.655873e+01	-1.067220e+03
6.990000e-06	-6.834739e-09	-4.197535e-09	-3.665826e+01	-1.068588e+03
7.000000e-06	-6.852857e-09	-4.201928e-09	-3.675543e+01	-1.069913e+03
7.010000e-06	-6.870534e-09	-4.206746e-09	-3.685024e+01	-1.071196e+03
7.020000e-06	-6.887721e-09	-4.211706e-09	-3.694243e+01	-1.072436e+03
7.030000e-06	-6.904423e-09	-4.216586e-09	-3.703201e+01	-1.073634e+03
7.040000e-06	-6.920732e-09	-4.221148e-09	-3.711948e+01	-1.074791e+03
7.050000e-06	-6.936722e-09	-4.225028e-09	-3.720525e+01	-1.075910e+03
7.060000e-06	-6.952310e-09	-4.228535e-09	-3.728885e+01	-1.076992e+03
7.070000e-06	-6.967257e-09	-4.232163e-09	-3.736902e+01	-1.078041e+03
7.080000e-06	-6.981371e-09	-4.235635e-09	-3.744472e+01	-1.079061e+03
7.090000e-06	-6.994667e-09	-4.238590e-09	-3.751603e+01	-1.080052e+03
7.100000e-06	-7.007311e-09	-4.241550e-09	-3.758385e+01	-1.081018e+03
7.110000e-06	-7.019453e-09	-4.245300e-09	-3.764898e+01	-1.081960e+03
7.120000e-06	-7.031114e-09	-4.249500e-09	-3.771152e+01	-1.082877e+03
7.130000e-06	-7.042244e-09	-4.253084e-09	-3.777121e+01	-1.083769e+03
7.140000e-06	-7.052853e-09	-4.255843e-09	-3.782812e+01	-1.084633e+03
7.150000e-06	-7.063004e-09	-4.258402e-09	-3.788256e+01	-1.085468e+03
7.160000e-06	-7.072698e-09	-4.260996e-09	-3.793455e+01	-1.086269e+03
7.170000e-06	-7.081878e-09	-4.263478e-09	-3.798379e+01	-1.087034e+03
7.180000e-06	-7.090553e-09	-4.265627e-09	-3.803032e+01	-1.087759e+03
7.190000e-06	-7.098831e-09	-4.267827e-09	-3.807472e+01	-1.088442e+03
7.200000e-06	-7.106794e-09	-4.270366e-09	-3.811743e+01	-1.089082e+03
7.210000e-06	-7.114364e-09	-4.273212e-09	-3.815803e+01	-1.089677e+03
7.220000e-06	-7.121354e-09	-4.275987e-09	-3.819552e+01	-1.090229e+03
7.230000e-06	-7.127602e-09	-4.277877e-09	-3.822903e+01	-1.090740e+03
7.240000e-06	-7.133058e-09	-4.279200e-09	-3.825830e+01	-1.091213e+03
7.250000e-06	-7.137832e-09	-4.280705e-09	-3.828390e+01	-1.091653e+03
7.260000e-06	-7.142136e-09	-4.282608e-09	-3.830699e+01	-1.092063e+03
7.270000e-06	-7.146104e-09	-4.284452e-09	-3.832827e+01	-1.092449e+03
7.280000e-06	-7.149696e-09	-4.285851e-09	-3.834754e+01	-1.092814e+03
7.290000e-06	-7.152802e-09	-4.287177e-09	-3.836420e+01	-1.093162e+03
7.300000e-06	-7.155405e-09	-4.288577e-09	-3.837816e+01	-1.093493e+03
7.310000e-06	-7.157570e-09	-4.290152e-09	-3.838977e+01	-1.093809e+03
7.320000e-06	-7.159312e-09	-4.291725e-09	-3.839911e+01	-1.094107e+03
7.330000e-06	-7.160452e-09	-4.292631e-09	-3.840523e+01	-1.094385e+03
7.340000e-06	-7.161050e-09	-4.293205e-09	-3.840844e+01	-1.094638e+03
