# Temperatura_=_-1.6008645533141204
# Concentracion g/m^3_=_19900.0
# C_Vs_to_Am_M_A/Vsm_=_254322799225.57578
# pendiente_HvsI_1/m_=_3716.3
# ordenada_HvsI_A/m_=_1297.0
# frecuencia_Hz_=_136146.61932024985
# Promedio de 347 ciclos

Tiempo_(s)	Campo_(V.s)	Magnetizacion_(V.s)	Campo_(kA/m)	Magnetizacion_(A/m)
0.000000e+00	-7.175554e-09	-4.183834e-09	-3.840978e+01	-1.062494e+03
1.000000e-08	-7.175727e-09	-4.186272e-09	-3.841070e+01	-1.062669e+03
2.000000e-08	-7.175555e-09	-4.187623e-09	-3.840979e+01	-1.062804e+03
3.000000e-08	-7.174884e-09	-4.188456e-09	-3.840619e+01	-1.062898e+03
4.000000e-08	-7.173522e-09	-4.188884e-09	-3.839891e+01	-1.062950e+03
5.000000e-08	-7.171374e-09	-4.188517e-09	-3.838741e+01	-1.062961e+03
6.000000e-08	-7.168511e-09	-4.187913e-09	-3.837208e+01	-1.062932e+03
7.000000e-08	-7.165113e-09	-4.187739e-09	-3.835389e+01	-1.062868e+03
8.000000e-08	-7.161295e-09	-4.185874e-09	-3.833345e+01	-1.062771e+03
9.000000e-08	-7.156954e-09	-4.183968e-09	-3.831021e+01	-1.062648e+03
1.000000e-07	-7.151871e-09	-4.191380e-09	-3.828301e+01	-1.062504e+03
1.100000e-07	-7.146098e-09	-4.200336e-09	-3.825211e+01	-1.062346e+03
1.200000e-07	-7.139983e-09	-4.186357e-09	-3.821937e+01	-1.062180e+03
1.300000e-07	-7.133688e-09	-4.168929e-09	-3.818568e+01	-1.062010e+03
1.400000e-07	-7.126968e-09	-4.188374e-09	-3.814971e+01	-1.061842e+03
1.500000e-07	-7.119651e-09	-4.209813e-09	-3.811054e+01	-1.061677e+03
1.600000e-07	-7.111911e-09	-4.183902e-09	-3.806911e+01	-1.061517e+03
1.700000e-07	-7.103835e-09	-4.154375e-09	-3.802588e+01	-1.061361e+03
1.800000e-07	-7.095155e-09	-4.174007e-09	-3.797941e+01	-1.061208e+03
1.900000e-07	-7.085665e-09	-4.195879e-09	-3.792861e+01	-1.061054e+03
2.000000e-07	-7.075544e-09	-4.169914e-09	-3.787444e+01	-1.060894e+03
2.100000e-07	-7.064999e-09	-4.147961e-09	-3.781800e+01	-1.060723e+03
2.200000e-07	-7.053897e-09	-4.172117e-09	-3.775857e+01	-1.060536e+03
2.300000e-07	-7.042110e-09	-4.179242e-09	-3.769547e+01	-1.060327e+03
2.400000e-07	-7.029772e-09	-4.142396e-09	-3.762943e+01	-1.060094e+03
2.500000e-07	-7.016920e-09	-4.136953e-09	-3.756063e+01	-1.059831e+03
2.600000e-07	-7.003419e-09	-4.170217e-09	-3.748836e+01	-1.059539e+03
2.700000e-07	-6.989280e-09	-4.161118e-09	-3.741268e+01	-1.059215e+03
2.800000e-07	-6.974517e-09	-4.127565e-09	-3.733366e+01	-1.058863e+03
2.900000e-07	-6.958977e-09	-4.140609e-09	-3.725048e+01	-1.058484e+03
3.000000e-07	-6.942680e-09	-4.153718e-09	-3.716324e+01	-1.058082e+03
3.100000e-07	-6.925896e-09	-4.125459e-09	-3.707340e+01	-1.057660e+03
3.200000e-07	-6.908768e-09	-4.126224e-09	-3.698171e+01	-1.057223e+03
3.300000e-07	-6.891237e-09	-4.159131e-09	-3.688787e+01	-1.056773e+03
3.400000e-07	-6.873274e-09	-4.145377e-09	-3.679172e+01	-1.056314e+03
3.500000e-07	-6.854880e-09	-4.116263e-09	-3.669326e+01	-1.055846e+03
3.600000e-07	-6.835989e-09	-4.135136e-09	-3.659214e+01	-1.055368e+03
3.700000e-07	-6.816608e-09	-4.145537e-09	-3.648839e+01	-1.054877e+03
3.800000e-07	-6.796845e-09	-4.114189e-09	-3.638261e+01	-1.054369e+03
3.900000e-07	-6.776715e-09	-4.114633e-09	-3.627485e+01	-1.053838e+03
4.000000e-07	-6.756115e-09	-4.142692e-09	-3.616458e+01	-1.053275e+03
4.100000e-07	-6.735004e-09	-4.127344e-09	-3.605158e+01	-1.052673e+03
4.200000e-07	-6.713414e-09	-4.106978e-09	-3.593601e+01	-1.052022e+03
4.300000e-07	-6.691358e-09	-4.124142e-09	-3.581795e+01	-1.051314e+03
4.400000e-07	-6.668852e-09	-4.119329e-09	-3.569747e+01	-1.050540e+03
4.500000e-07	-6.645899e-09	-4.093589e-09	-3.557461e+01	-1.049694e+03
4.600000e-07	-6.622516e-09	-4.102805e-09	-3.544944e+01	-1.048771e+03
4.700000e-07	-6.598790e-09	-4.110655e-09	-3.532244e+01	-1.047768e+03
4.800000e-07	-6.574740e-09	-4.086686e-09	-3.519371e+01	-1.046683e+03
4.900000e-07	-6.550205e-09	-4.082327e-09	-3.506237e+01	-1.045520e+03
5.000000e-07	-6.525017e-09	-4.094150e-09	-3.492755e+01	-1.044279e+03
5.100000e-07	-6.499100e-09	-4.078506e-09	-3.478881e+01	-1.042967e+03
5.200000e-07	-6.472449e-09	-4.065514e-09	-3.464616e+01	-1.041588e+03
5.300000e-07	-6.445209e-09	-4.074009e-09	-3.450035e+01	-1.040151e+03
5.400000e-07	-6.417569e-09	-4.066181e-09	-3.435239e+01	-1.038661e+03
5.500000e-07	-6.389600e-09	-4.049734e-09	-3.420268e+01	-1.037126e+03
5.600000e-07	-6.361263e-09	-4.052489e-09	-3.405099e+01	-1.035551e+03
5.700000e-07	-6.332487e-09	-4.050875e-09	-3.389696e+01	-1.033940e+03
5.800000e-07	-6.303267e-09	-4.036538e-09	-3.374055e+01	-1.032299e+03
5.900000e-07	-6.273649e-09	-4.032370e-09	-3.358201e+01	-1.030629e+03
6.000000e-07	-6.243648e-09	-4.030734e-09	-3.342141e+01	-1.028930e+03
6.100000e-07	-6.213216e-09	-4.019764e-09	-3.325852e+01	-1.027204e+03
6.200000e-07	-6.182319e-09	-4.013715e-09	-3.309313e+01	-1.025448e+03
6.300000e-07	-6.151016e-09	-4.011179e-09	-3.292557e+01	-1.023661e+03
6.400000e-07	-6.119406e-09	-4.000663e-09	-3.275636e+01	-1.021841e+03
6.500000e-07	-6.087511e-09	-3.990915e-09	-3.258563e+01	-1.019986e+03
6.600000e-07	-6.055243e-09	-3.987356e-09	-3.241291e+01	-1.018094e+03
6.700000e-07	-6.022435e-09	-3.980762e-09	-3.223729e+01	-1.016163e+03
6.800000e-07	-5.988932e-09	-3.971209e-09	-3.205795e+01	-1.014193e+03
6.900000e-07	-5.954708e-09	-3.964008e-09	-3.187476e+01	-1.012184e+03
7.000000e-07	-5.919868e-09	-3.957234e-09	-3.168827e+01	-1.010137e+03
7.100000e-07	-5.884560e-09	-3.949453e-09	-3.149927e+01	-1.008052e+03
7.200000e-07	-5.848930e-09	-3.941881e-09	-3.130854e+01	-1.005931e+03
7.300000e-07	-5.813048e-09	-3.933234e-09	-3.111647e+01	-1.003776e+03
7.400000e-07	-5.776864e-09	-3.923064e-09	-3.092278e+01	-1.001588e+03
7.500000e-07	-5.740300e-09	-3.914197e-09	-3.072706e+01	-9.993690e+02
7.600000e-07	-5.703320e-09	-3.907054e-09	-3.052911e+01	-9.971186e+02
7.700000e-07	-5.665908e-09	-3.898665e-09	-3.032885e+01	-9.948372e+02
7.800000e-07	-5.628063e-09	-3.888761e-09	-3.012627e+01	-9.925242e+02
7.900000e-07	-5.589802e-09	-3.880043e-09	-2.992146e+01	-9.901781e+02
8.000000e-07	-5.551118e-09	-3.872016e-09	-2.971439e+01	-9.877970e+02
8.100000e-07	-5.512024e-09	-3.862759e-09	-2.950513e+01	-9.853785e+02
8.200000e-07	-5.472586e-09	-3.853046e-09	-2.929402e+01	-9.829199e+02
8.300000e-07	-5.432893e-09	-3.843616e-09	-2.908155e+01	-9.804185e+02
8.400000e-07	-5.392983e-09	-3.833633e-09	-2.886792e+01	-9.778718e+02
8.500000e-07	-5.352777e-09	-3.824025e-09	-2.865270e+01	-9.752776e+02
8.600000e-07	-5.312121e-09	-3.815130e-09	-2.843507e+01	-9.726342e+02
8.700000e-07	-5.270901e-09	-3.804954e-09	-2.821443e+01	-9.699406e+02
8.800000e-07	-5.229089e-09	-3.793456e-09	-2.799062e+01	-9.671966e+02
8.900000e-07	-5.186730e-09	-3.782694e-09	-2.776387e+01	-9.644025e+02
9.000000e-07	-5.143903e-09	-3.772035e-09	-2.753463e+01	-9.615592e+02
9.100000e-07	-5.100680e-09	-3.760303e-09	-2.730326e+01	-9.586685e+02
9.200000e-07	-5.057101e-09	-3.748346e-09	-2.706999e+01	-9.557320e+02
9.300000e-07	-5.013208e-09	-3.736857e-09	-2.683504e+01	-9.527519e+02
9.400000e-07	-4.969029e-09	-3.725427e-09	-2.659855e+01	-9.497302e+02
9.500000e-07	-4.924548e-09	-3.714194e-09	-2.636045e+01	-9.466686e+02
9.600000e-07	-4.879722e-09	-3.702685e-09	-2.612050e+01	-9.435686e+02
9.700000e-07	-4.834527e-09	-3.689979e-09	-2.587858e+01	-9.404313e+02
9.800000e-07	-4.788981e-09	-3.676967e-09	-2.563478e+01	-9.372571e+02
9.900000e-07	-4.743119e-09	-3.664978e-09	-2.538928e+01	-9.340459e+02
1.000000e-06	-4.696949e-09	-3.653448e-09	-2.514214e+01	-9.307971e+02
1.010000e-06	-4.650462e-09	-3.641123e-09	-2.489330e+01	-9.275096e+02
1.020000e-06	-4.603658e-09	-3.628107e-09	-2.464277e+01	-9.241816e+02
1.030000e-06	-4.556532e-09	-3.615050e-09	-2.439051e+01	-9.208115e+02
1.040000e-06	-4.509107e-09	-3.602014e-09	-2.413664e+01	-9.173970e+02
1.050000e-06	-4.461428e-09	-3.588702e-09	-2.388143e+01	-9.139360e+02
1.060000e-06	-4.413500e-09	-3.574693e-09	-2.362487e+01	-9.104263e+02
1.070000e-06	-4.365280e-09	-3.560193e-09	-2.336676e+01	-9.068656e+02
1.080000e-06	-4.316700e-09	-3.546172e-09	-2.310672e+01	-9.032520e+02
1.090000e-06	-4.267688e-09	-3.532570e-09	-2.284437e+01	-8.995834e+02
1.100000e-06	-4.218201e-09	-3.518706e-09	-2.257947e+01	-8.958583e+02
1.110000e-06	-4.168225e-09	-3.504256e-09	-2.231196e+01	-8.920749e+02
1.120000e-06	-4.117776e-09	-3.489456e-09	-2.204191e+01	-8.882319e+02
1.130000e-06	-4.066907e-09	-3.474537e-09	-2.176962e+01	-8.843279e+02
1.140000e-06	-4.015680e-09	-3.459389e-09	-2.149540e+01	-8.803617e+02
1.150000e-06	-3.964151e-09	-3.443846e-09	-2.121957e+01	-8.763320e+02
1.160000e-06	-3.912352e-09	-3.427867e-09	-2.094231e+01	-8.722377e+02
1.170000e-06	-3.860287e-09	-3.411507e-09	-2.066361e+01	-8.680778e+02
1.180000e-06	-3.807933e-09	-3.395480e-09	-2.038336e+01	-8.638511e+02
1.190000e-06	-3.755269e-09	-3.379856e-09	-2.010146e+01	-8.595566e+02
1.200000e-06	-3.702293e-09	-3.363606e-09	-1.981789e+01	-8.551933e+02
1.210000e-06	-3.649026e-09	-3.346400e-09	-1.953275e+01	-8.507601e+02
1.220000e-06	-3.595495e-09	-3.328731e-09	-1.924621e+01	-8.462563e+02
1.230000e-06	-3.541732e-09	-3.310885e-09	-1.895842e+01	-8.416809e+02
1.240000e-06	-3.487740e-09	-3.293013e-09	-1.866941e+01	-8.370330e+02
1.250000e-06	-3.433517e-09	-3.274935e-09	-1.837916e+01	-8.323118e+02
1.260000e-06	-3.379062e-09	-3.256433e-09	-1.808767e+01	-8.275166e+02
1.270000e-06	-3.324368e-09	-3.237497e-09	-1.779490e+01	-8.226465e+02
1.280000e-06	-3.269434e-09	-3.218118e-09	-1.750085e+01	-8.177007e+02
1.290000e-06	-3.214273e-09	-3.198815e-09	-1.720558e+01	-8.126783e+02
1.300000e-06	-3.158912e-09	-3.179496e-09	-1.690924e+01	-8.075785e+02
1.310000e-06	-3.103383e-09	-3.159070e-09	-1.661200e+01	-8.024001e+02
1.320000e-06	-3.047709e-09	-3.137624e-09	-1.631398e+01	-7.971423e+02
1.330000e-06	-2.991901e-09	-3.116200e-09	-1.601525e+01	-7.918040e+02
1.340000e-06	-2.935958e-09	-3.094758e-09	-1.571579e+01	-7.863842e+02
1.350000e-06	-2.879854e-09	-3.072806e-09	-1.541547e+01	-7.808816e+02
1.360000e-06	-2.823576e-09	-3.050515e-09	-1.511423e+01	-7.752953e+02
1.370000e-06	-2.767109e-09	-3.028103e-09	-1.481197e+01	-7.696242e+02
1.380000e-06	-2.710427e-09	-3.005422e-09	-1.450855e+01	-7.638671e+02
1.390000e-06	-2.653497e-09	-2.982271e-09	-1.420382e+01	-7.580227e+02
1.400000e-06	-2.596295e-09	-2.958261e-09	-1.389763e+01	-7.520899e+02
1.410000e-06	-2.538810e-09	-2.933504e-09	-1.358992e+01	-7.460671e+02
1.420000e-06	-2.481031e-09	-2.908568e-09	-1.328064e+01	-7.399525e+02
1.430000e-06	-2.422966e-09	-2.883883e-09	-1.296982e+01	-7.337440e+02
1.440000e-06	-2.364622e-09	-2.859275e-09	-1.265752e+01	-7.274392e+02
1.450000e-06	-2.306006e-09	-2.834055e-09	-1.234375e+01	-7.210351e+02
1.460000e-06	-2.247136e-09	-2.807657e-09	-1.202863e+01	-7.145279e+02
1.470000e-06	-2.188040e-09	-2.780381e-09	-1.171230e+01	-7.079136e+02
1.480000e-06	-2.128753e-09	-2.753142e-09	-1.139495e+01	-7.011873e+02
1.490000e-06	-2.069310e-09	-2.726079e-09	-1.107676e+01	-6.943437e+02
1.500000e-06	-2.009746e-09	-2.698590e-09	-1.075791e+01	-6.873768e+02
1.510000e-06	-1.950090e-09	-2.670433e-09	-1.043858e+01	-6.802803e+02
1.520000e-06	-1.890355e-09	-2.641832e-09	-1.011883e+01	-6.730476e+02
1.530000e-06	-1.830551e-09	-2.612877e-09	-9.798703e+00	-6.656720e+02
1.540000e-06	-1.770681e-09	-2.583402e-09	-9.478224e+00	-6.581469e+02
1.550000e-06	-1.710739e-09	-2.553097e-09	-9.157363e+00	-6.504659e+02
1.560000e-06	-1.650723e-09	-2.521811e-09	-8.836107e+00	-6.426229e+02
1.570000e-06	-1.590627e-09	-2.489980e-09	-8.514421e+00	-6.346124e+02
1.580000e-06	-1.530439e-09	-2.458178e-09	-8.192240e+00	-6.264295e+02
1.590000e-06	-1.470154e-09	-2.426258e-09	-7.869540e+00	-6.180699e+02
1.600000e-06	-1.409765e-09	-2.393453e-09	-7.546287e+00	-6.095301e+02
1.610000e-06	-1.349264e-09	-2.359186e-09	-7.222431e+00	-6.008071e+02
1.620000e-06	-1.288651e-09	-2.323798e-09	-6.897983e+00	-5.918982e+02
1.630000e-06	-1.227935e-09	-2.287956e-09	-6.572976e+00	-5.828011e+02
1.640000e-06	-1.167127e-09	-2.251386e-09	-6.247477e+00	-5.735138e+02
1.650000e-06	-1.106242e-09	-2.213511e-09	-5.921568e+00	-5.640339e+02
1.660000e-06	-1.045291e-09	-2.174694e-09	-5.595307e+00	-5.543588e+02
1.670000e-06	-9.842827e-10	-2.135605e-09	-5.268738e+00	-5.444853e+02
1.680000e-06	-9.232214e-10	-2.096264e-09	-4.941886e+00	-5.344094e+02
1.690000e-06	-8.621078e-10	-2.056248e-09	-4.614753e+00	-5.241263e+02
1.700000e-06	-8.009355e-10	-2.015129e-09	-4.287306e+00	-5.136300e+02
1.710000e-06	-7.396953e-10	-1.972770e-09	-3.959495e+00	-5.029136e+02
1.720000e-06	-6.783945e-10	-1.929359e-09	-3.631360e+00	-4.919694e+02
1.730000e-06	-6.170403e-10	-1.885228e-09	-3.302939e+00	-4.807886e+02
1.740000e-06	-5.556328e-10	-1.840289e-09	-2.974232e+00	-4.693617e+02
1.750000e-06	-4.941764e-10	-1.793920e-09	-2.645265e+00	-4.576788e+02
1.760000e-06	-4.326754e-10	-1.746105e-09	-2.316058e+00	-4.457299e+02
1.770000e-06	-3.711430e-10	-1.697291e-09	-1.986683e+00	-4.335051e+02
1.780000e-06	-3.095804e-10	-1.647635e-09	-1.657146e+00	-4.209950e+02
1.790000e-06	-2.479970e-10	-1.596969e-09	-1.327498e+00	-4.081912e+02
1.800000e-06	-1.864164e-10	-1.545029e-09	-9.978649e-01	-3.950863e+02
1.810000e-06	-1.248450e-10	-1.491788e-09	-6.682810e-01	-3.816747e+02
1.820000e-06	-6.327897e-11	-1.437547e-09	-3.387264e-01	-3.679523e+02
1.830000e-06	-1.714584e-12	-1.382446e-09	-9.180258e-03	-3.539172e+02
1.840000e-06	5.984702e-11	-1.326146e-09	3.203510e-01	-3.395697e+02
1.850000e-06	1.214067e-10	-1.268416e-09	6.498723e-01	-3.249122e+02
1.860000e-06	1.829709e-10	-1.209286e-09	9.794171e-01	-3.099494e+02
1.870000e-06	2.445417e-10	-1.148916e-09	1.308998e+00	-2.946882e+02
1.880000e-06	3.061113e-10	-1.087598e-09	1.638572e+00	-2.791373e+02
1.890000e-06	3.676697e-10	-1.025197e-09	1.968086e+00	-2.633076e+02
1.900000e-06	4.292076e-10	-9.614463e-10	2.297491e+00	-2.472111e+02
1.910000e-06	4.907141e-10	-8.966393e-10	2.626727e+00	-2.308611e+02
1.920000e-06	5.521774e-10	-8.310281e-10	2.955732e+00	-2.142718e+02
1.930000e-06	6.135839e-10	-7.646415e-10	3.284433e+00	-1.974580e+02
1.940000e-06	6.749248e-10	-6.975455e-10	3.612783e+00	-1.804343e+02
1.950000e-06	7.361953e-10	-6.296985e-10	3.940755e+00	-1.632154e+02
1.960000e-06	7.973951e-10	-5.609977e-10	4.268350e+00	-1.458155e+02
1.970000e-06	8.585259e-10	-4.917874e-10	4.595575e+00	-1.282479e+02
1.980000e-06	9.195863e-10	-4.223577e-10	4.922423e+00	-1.105255e+02
1.990000e-06	9.805828e-10	-3.522946e-10	5.248929e+00	-9.265996e+01
2.000000e-06	1.041516e-09	-2.813305e-10	5.575097e+00	-7.466235e+01
2.010000e-06	1.102381e-09	-2.097651e-10	5.900897e+00	-5.654299e+01
2.020000e-06	1.163168e-09	-1.380512e-10	6.226283e+00	-3.831171e+01
2.030000e-06	1.223875e-09	-6.636976e-11	6.551237e+00	-1.997809e+01
2.040000e-06	1.284494e-09	5.604411e-12	6.875724e+00	-1.551798e+00
2.050000e-06	1.345018e-09	7.829629e-11	7.199699e+00	1.695711e+01
2.060000e-06	1.405444e-09	1.514527e-10	7.523153e+00	3.553785e+01
2.070000e-06	1.465773e-09	2.244595e-10	7.846084e+00	5.417864e+01
2.080000e-06	1.526005e-09	2.974105e-10	8.168501e+00	7.286646e+01
2.090000e-06	1.586143e-09	3.708400e-10	8.490410e+00	9.158687e+01
2.100000e-06	1.646193e-09	4.447221e-10	8.811852e+00	1.103240e+02
2.110000e-06	1.706161e-09	5.187155e-10	9.132854e+00	1.290606e+02
2.120000e-06	1.766050e-09	5.925406e-10	9.453435e+00	1.477780e+02
2.130000e-06	1.825871e-09	6.657368e-10	9.773646e+00	1.664567e+02
2.140000e-06	1.885623e-09	7.383167e-10	1.009350e+01	1.850765e+02
2.150000e-06	1.945305e-09	8.109525e-10	1.041297e+01	2.036168e+02
2.160000e-06	2.004906e-09	8.835441e-10	1.073200e+01	2.220573e+02
2.170000e-06	2.064401e-09	9.553293e-10	1.105047e+01	2.403785e+02
2.180000e-06	2.123771e-09	1.026301e-09	1.136827e+01	2.585616e+02
2.190000e-06	2.182994e-09	1.096748e-09	1.168529e+01	2.765896e+02
2.200000e-06	2.242026e-09	1.166647e-09	1.200128e+01	2.944471e+02
2.210000e-06	2.300828e-09	1.235957e-09	1.231603e+01	3.121207e+02
2.220000e-06	2.359370e-09	1.304581e-09	1.262940e+01	3.295990e+02
2.230000e-06	2.417633e-09	1.372291e-09	1.294127e+01	3.468728e+02
2.240000e-06	2.475598e-09	1.439208e-09	1.325155e+01	3.639345e+02
2.250000e-06	2.533255e-09	1.505274e-09	1.356018e+01	3.807781e+02
2.260000e-06	2.590606e-09	1.570275e-09	1.386717e+01	3.973989e+02
2.270000e-06	2.647669e-09	1.634416e-09	1.417262e+01	4.137932e+02
2.280000e-06	2.704465e-09	1.697708e-09	1.447663e+01	4.299576e+02
2.290000e-06	2.761010e-09	1.759933e-09	1.477932e+01	4.458886e+02
2.300000e-06	2.817339e-09	1.821423e-09	1.508084e+01	4.615825e+02
2.310000e-06	2.873485e-09	1.882670e-09	1.538138e+01	4.770352e+02
2.320000e-06	2.929467e-09	1.943100e-09	1.568104e+01	4.922416e+02
2.330000e-06	2.985297e-09	2.002394e-09	1.597989e+01	5.071957e+02
2.340000e-06	3.040983e-09	2.060550e-09	1.627798e+01	5.218908e+02
2.350000e-06	3.096519e-09	2.116908e-09	1.657525e+01	5.363195e+02
2.360000e-06	3.151882e-09	2.171455e-09	1.687161e+01	5.504739e+02
2.370000e-06	3.207049e-09	2.225163e-09	1.716691e+01	5.643458e+02
2.380000e-06	3.262000e-09	2.278375e-09	1.746105e+01	5.779273e+02
2.390000e-06	3.316730e-09	2.330569e-09	1.775401e+01	5.912110e+02
2.400000e-06	3.371232e-09	2.381709e-09	1.804576e+01	6.041902e+02
2.410000e-06	3.425512e-09	2.432136e-09	1.833631e+01	6.168593e+02
2.420000e-06	3.479577e-09	2.481356e-09	1.862572e+01	6.292141e+02
2.430000e-06	3.533424e-09	2.528680e-09	1.891395e+01	6.412518e+02
2.440000e-06	3.587035e-09	2.574328e-09	1.920092e+01	6.529710e+02
2.450000e-06	3.640386e-09	2.618546e-09	1.948650e+01	6.643720e+02
2.460000e-06	3.693461e-09	2.661364e-09	1.977061e+01	6.754563e+02
2.470000e-06	3.746239e-09	2.702968e-09	2.005312e+01	6.862267e+02
2.480000e-06	3.798707e-09	2.743803e-09	2.033398e+01	6.966868e+02
2.490000e-06	3.850878e-09	2.784168e-09	2.061324e+01	7.068414e+02
2.500000e-06	3.902765e-09	2.823543e-09	2.089098e+01	7.166956e+02
2.510000e-06	3.954364e-09	2.861197e-09	2.116718e+01	7.262552e+02
2.520000e-06	4.005635e-09	2.897339e-09	2.144163e+01	7.355260e+02
2.530000e-06	4.056535e-09	2.932271e-09	2.171409e+01	7.445143e+02
2.540000e-06	4.107011e-09	2.965914e-09	2.198428e+01	7.532265e+02
2.550000e-06	4.157021e-09	2.998674e-09	2.225198e+01	7.616692e+02
2.560000e-06	4.206550e-09	3.030827e-09	2.251710e+01	7.698494e+02
2.570000e-06	4.255612e-09	3.062169e-09	2.277972e+01	7.777743e+02
2.580000e-06	4.304250e-09	3.092697e-09	2.304007e+01	7.854517e+02
2.590000e-06	4.352534e-09	3.122234e-09	2.329853e+01	7.928897e+02
2.600000e-06	4.400537e-09	3.150359e-09	2.355548e+01	8.000971e+02
2.610000e-06	4.448300e-09	3.177124e-09	2.381115e+01	8.070832e+02
2.620000e-06	4.495829e-09	3.202857e-09	2.406557e+01	8.138578e+02
2.630000e-06	4.543090e-09	3.228281e-09	2.431855e+01	8.204310e+02
2.640000e-06	4.590035e-09	3.253959e-09	2.456984e+01	8.268131e+02
2.650000e-06	4.636637e-09	3.279120e-09	2.481929e+01	8.330145e+02
2.660000e-06	4.682897e-09	3.302885e-09	2.506692e+01	8.390451e+02
2.670000e-06	4.728837e-09	3.325611e-09	2.531283e+01	8.449144e+02
2.680000e-06	4.774473e-09	3.347904e-09	2.555711e+01	8.506314e+02
2.690000e-06	4.819799e-09	3.370139e-09	2.579974e+01	8.562039e+02
2.700000e-06	4.864802e-09	3.392124e-09	2.604063e+01	8.616386e+02
2.710000e-06	4.909466e-09	3.413278e-09	2.627971e+01	8.669413e+02
2.720000e-06	4.953802e-09	3.433866e-09	2.651704e+01	8.721164e+02
2.730000e-06	4.997862e-09	3.454156e-09	2.675288e+01	8.771674e+02
2.740000e-06	5.041697e-09	3.473434e-09	2.698753e+01	8.820966e+02
2.750000e-06	5.085310e-09	3.491644e-09	2.722099e+01	8.869057e+02
2.760000e-06	5.128637e-09	3.509545e-09	2.745291e+01	8.915958e+02
2.770000e-06	5.171551e-09	3.527218e-09	2.768262e+01	8.961676e+02
2.780000e-06	5.213918e-09	3.544560e-09	2.790940e+01	9.006218e+02
2.790000e-06	5.255654e-09	3.561760e-09	2.813281e+01	9.049592e+02
2.800000e-06	5.296764e-09	3.578527e-09	2.835286e+01	9.091810e+02
2.810000e-06	5.337345e-09	3.594387e-09	2.857009e+01	9.132888e+02
2.820000e-06	5.377538e-09	3.609496e-09	2.878524e+01	9.172848e+02
2.830000e-06	5.417452e-09	3.623914e-09	2.899889e+01	9.211717e+02
2.840000e-06	5.457127e-09	3.637629e-09	2.921127e+01	9.249529e+02
2.850000e-06	5.496532e-09	3.651210e-09	2.942220e+01	9.286320e+02
2.860000e-06	5.535598e-09	3.665123e-09	2.963131e+01	9.322132e+02
2.870000e-06	5.574257e-09	3.679269e-09	2.983825e+01	9.357008e+02
2.880000e-06	5.612487e-09	3.693107e-09	3.004289e+01	9.390991e+02
2.890000e-06	5.650301e-09	3.706198e-09	3.024531e+01	9.424124e+02
2.900000e-06	5.687707e-09	3.718470e-09	3.044553e+01	9.456450e+02
2.910000e-06	5.724694e-09	3.730255e-09	3.064352e+01	9.488006e+02
2.920000e-06	5.761281e-09	3.741846e-09	3.083937e+01	9.518829e+02
2.930000e-06	5.797521e-09	3.752975e-09	3.103335e+01	9.548953e+02
2.940000e-06	5.833476e-09	3.764108e-09	3.122581e+01	9.578408e+02
2.950000e-06	5.869187e-09	3.776245e-09	3.141697e+01	9.607223e+02
2.960000e-06	5.904614e-09	3.788803e-09	3.160661e+01	9.635426e+02
2.970000e-06	5.939624e-09	3.799954e-09	3.179401e+01	9.663042e+02
2.980000e-06	5.974057e-09	3.809526e-09	3.197833e+01	9.690096e+02
2.990000e-06	6.007799e-09	3.819335e-09	3.215894e+01	9.716613e+02
3.000000e-06	6.040842e-09	3.830080e-09	3.233582e+01	9.742616e+02
3.010000e-06	6.073301e-09	3.840859e-09	3.250956e+01	9.768130e+02
3.020000e-06	6.105349e-09	3.851044e-09	3.268112e+01	9.793176e+02
3.030000e-06	6.137097e-09	3.860643e-09	3.285106e+01	9.817774e+02
3.040000e-06	6.168539e-09	3.870114e-09	3.301936e+01	9.841943e+02
3.050000e-06	6.199600e-09	3.880154e-09	3.318563e+01	9.865696e+02
3.060000e-06	6.230215e-09	3.890417e-09	3.334951e+01	9.889045e+02
3.070000e-06	6.260374e-09	3.899764e-09	3.351094e+01	9.911998e+02
3.080000e-06	6.290095e-09	3.908244e-09	3.367003e+01	9.934557e+02
3.090000e-06	6.319389e-09	3.916982e-09	3.382685e+01	9.956725e+02
3.100000e-06	6.348257e-09	3.926230e-09	3.398137e+01	9.978498e+02
3.110000e-06	6.376715e-09	3.935057e-09	3.413370e+01	9.999874e+02
3.120000e-06	6.404826e-09	3.942940e-09	3.428418e+01	1.002085e+03
3.130000e-06	6.432649e-09	3.950588e-09	3.443311e+01	1.004142e+03
3.140000e-06	6.460167e-09	3.959023e-09	3.458041e+01	1.006158e+03
3.150000e-06	6.487245e-09	3.967737e-09	3.472535e+01	1.008135e+03
3.160000e-06	6.513677e-09	3.975370e-09	3.486684e+01	1.010071e+03
3.170000e-06	6.539326e-09	3.982103e-09	3.500414e+01	1.011969e+03
3.180000e-06	6.564227e-09	3.989063e-09	3.513743e+01	1.013830e+03
3.190000e-06	6.588537e-09	3.996803e-09	3.526756e+01	1.015654e+03
3.200000e-06	6.612420e-09	4.005057e-09	3.539540e+01	1.017444e+03
3.210000e-06	6.635925e-09	4.012736e-09	3.552122e+01	1.019201e+03
3.220000e-06	6.659002e-09	4.019098e-09	3.564475e+01	1.020927e+03
3.230000e-06	6.681602e-09	4.025143e-09	3.576572e+01	1.022624e+03
3.240000e-06	6.703741e-09	4.032121e-09	3.588423e+01	1.024292e+03
3.250000e-06	6.725446e-09	4.039538e-09	3.600041e+01	1.025931e+03
3.260000e-06	6.746695e-09	4.046183e-09	3.611416e+01	1.027543e+03
3.270000e-06	6.767455e-09	4.052166e-09	3.622528e+01	1.029125e+03
3.280000e-06	6.787766e-09	4.058511e-09	3.633400e+01	1.030677e+03
3.290000e-06	6.807728e-09	4.065114e-09	3.644086e+01	1.032198e+03
3.300000e-06	6.827383e-09	4.071298e-09	3.654607e+01	1.033685e+03
3.310000e-06	6.846662e-09	4.076796e-09	3.664927e+01	1.035138e+03
3.320000e-06	6.865437e-09	4.081666e-09	3.674977e+01	1.036554e+03
3.330000e-06	6.883628e-09	4.086864e-09	3.684714e+01	1.037933e+03
3.340000e-06	6.901263e-09	4.092924e-09	3.694154e+01	1.039272e+03
3.350000e-06	6.918445e-09	4.098973e-09	3.703351e+01	1.040573e+03
3.360000e-06	6.935237e-09	4.104180e-09	3.712340e+01	1.041834e+03
3.370000e-06	6.951594e-09	4.108838e-09	3.721095e+01	1.043057e+03
3.380000e-06	6.967391e-09	4.113649e-09	3.729551e+01	1.044242e+03
3.390000e-06	6.982522e-09	4.118438e-09	3.737651e+01	1.045390e+03
3.400000e-06	6.997005e-09	4.122904e-09	3.745403e+01	1.046504e+03
3.410000e-06	7.010944e-09	4.127087e-09	3.752865e+01	1.047584e+03
3.420000e-06	7.024378e-09	4.131127e-09	3.760056e+01	1.048631e+03
3.430000e-06	7.037285e-09	4.135455e-09	3.766964e+01	1.049647e+03
3.440000e-06	7.049670e-09	4.139747e-09	3.773594e+01	1.050632e+03
3.450000e-06	7.061582e-09	4.143267e-09	3.779970e+01	1.051585e+03
3.460000e-06	7.073011e-09	4.146189e-09	3.786088e+01	1.052506e+03
3.470000e-06	7.083826e-09	4.149279e-09	3.791877e+01	1.053394e+03
3.480000e-06	7.093870e-09	4.152863e-09	3.797254e+01	1.054247e+03
3.490000e-06	7.103107e-09	4.156740e-09	3.802198e+01	1.055064e+03
3.500000e-06	7.111659e-09	4.160333e-09	3.806776e+01	1.055844e+03
3.510000e-06	7.119731e-09	4.162974e-09	3.811097e+01	1.056585e+03
3.520000e-06	7.127454e-09	4.165034e-09	3.815231e+01	1.057287e+03
3.530000e-06	7.134798e-09	4.167378e-09	3.819162e+01	1.057949e+03
3.540000e-06	7.141659e-09	4.169687e-09	3.822834e+01	1.058573e+03
3.550000e-06	7.147987e-09	4.171475e-09	3.826222e+01	1.059158e+03
3.560000e-06	7.153807e-09	4.173330e-09	3.829337e+01	1.059706e+03
3.570000e-06	7.159119e-09	4.175591e-09	3.832180e+01	1.060220e+03
3.580000e-06	7.163902e-09	4.178017e-09	3.834741e+01	1.060702e+03
3.590000e-06	7.168221e-09	4.180304e-09	3.837053e+01	1.061153e+03
3.600000e-06	7.172188e-09	4.181941e-09	3.839176e+01	1.061576e+03
3.610000e-06	7.175830e-09	4.182633e-09	3.841126e+01	1.061973e+03
3.620000e-06	7.179042e-09	4.182997e-09	3.842845e+01	1.062342e+03
3.630000e-06	7.181634e-09	4.183788e-09	3.844232e+01	1.062686e+03
3.640000e-06	7.183454e-09	4.184951e-09	3.845206e+01	1.063002e+03
3.650000e-06	7.184494e-09	4.185970e-09	3.845764e+01	1.063289e+03
3.660000e-06	7.184907e-09	4.186657e-09	3.845985e+01	1.063544e+03
3.670000e-06	7.184888e-09	4.187381e-09	3.845974e+01	1.063766e+03
3.680000e-06	7.184513e-09	4.188177e-09	3.845774e+01	1.063951e+03
3.690000e-06	7.183715e-09	4.188390e-09	3.845347e+01	1.064097e+03
3.700000e-06	7.182421e-09	4.187741e-09	3.844654e+01	1.064202e+03
3.710000e-06	7.180638e-09	4.186717e-09	3.843699e+01	1.064265e+03
3.720000e-06	7.178415e-09	4.185980e-09	3.842509e+01	1.064287e+03
3.730000e-06	7.175755e-09	4.185577e-09	3.841086e+01	1.064269e+03
3.740000e-06	7.172619e-09	4.186369e-09	3.839407e+01	1.064213e+03
3.750000e-06	7.168997e-09	4.190859e-09	3.837468e+01	1.064125e+03
3.760000e-06	7.164812e-09	4.190926e-09	3.835228e+01	1.064008e+03
3.770000e-06	7.159774e-09	4.175285e-09	3.832531e+01	1.063870e+03
3.780000e-06	7.153778e-09	4.173322e-09	3.829322e+01	1.063715e+03
3.790000e-06	7.147306e-09	4.200249e-09	3.825857e+01	1.063551e+03
3.800000e-06	7.140798e-09	4.197724e-09	3.822374e+01	1.063382e+03
3.810000e-06	7.133997e-09	4.159045e-09	3.818733e+01	1.063213e+03
3.820000e-06	7.126488e-09	4.155031e-09	3.814714e+01	1.063047e+03
3.830000e-06	7.118387e-09	4.191470e-09	3.810377e+01	1.062886e+03
3.840000e-06	7.110008e-09	4.188297e-09	3.805892e+01	1.062730e+03
3.850000e-06	7.101269e-09	4.140590e-09	3.801214e+01	1.062577e+03
3.860000e-06	7.091875e-09	4.141400e-09	3.796186e+01	1.062424e+03
3.870000e-06	7.081880e-09	4.188544e-09	3.790836e+01	1.062266e+03
3.880000e-06	7.071543e-09	4.184634e-09	3.785302e+01	1.062099e+03
3.890000e-06	7.060804e-09	4.137381e-09	3.779554e+01	1.061917e+03
3.900000e-06	7.049430e-09	4.145330e-09	3.773466e+01	1.061715e+03
3.910000e-06	7.037452e-09	4.192797e-09	3.767054e+01	1.061488e+03
3.920000e-06	7.024937e-09	4.183999e-09	3.760355e+01	1.061234e+03
3.930000e-06	7.011643e-09	4.141563e-09	3.753239e+01	1.060949e+03
3.940000e-06	6.997411e-09	4.151784e-09	3.745620e+01	1.060634e+03
3.950000e-06	6.982483e-09	4.175348e-09	3.737630e+01	1.060290e+03
3.960000e-06	6.967094e-09	4.151168e-09	3.729392e+01	1.059918e+03
3.970000e-06	6.951242e-09	4.143868e-09	3.720907e+01	1.059521e+03
3.980000e-06	6.934974e-09	4.178375e-09	3.712199e+01	1.059104e+03
3.990000e-06	6.918359e-09	4.167974e-09	3.703305e+01	1.058671e+03
4.000000e-06	6.901287e-09	4.121031e-09	3.694167e+01	1.058225e+03
4.010000e-06	6.883646e-09	4.129366e-09	3.684724e+01	1.057768e+03
4.020000e-06	6.865499e-09	4.157874e-09	3.675010e+01	1.057303e+03
4.030000e-06	6.846901e-09	4.138174e-09	3.665054e+01	1.056827e+03
4.040000e-06	6.827809e-09	4.132227e-09	3.654835e+01	1.056341e+03
4.050000e-06	6.808250e-09	4.168118e-09	3.644365e+01	1.055838e+03
4.060000e-06	6.788320e-09	4.158858e-09	3.633697e+01	1.055314e+03
4.070000e-06	6.768037e-09	4.113829e-09	3.622839e+01	1.054761e+03
4.080000e-06	6.747336e-09	4.120614e-09	3.611758e+01	1.054170e+03
4.090000e-06	6.726081e-09	4.136658e-09	3.600381e+01	1.053533e+03
4.100000e-06	6.704099e-09	4.110521e-09	3.588614e+01	1.052840e+03
4.110000e-06	6.681332e-09	4.115803e-09	3.576428e+01	1.052085e+03
4.120000e-06	6.657927e-09	4.151342e-09	3.563899e+01	1.051258e+03
4.130000e-06	6.634080e-09	4.137083e-09	3.551134e+01	1.050356e+03
4.140000e-06	6.609907e-09	4.117941e-09	3.538195e+01	1.049374e+03
4.150000e-06	6.585413e-09	4.142208e-09	3.525084e+01	1.048312e+03
4.160000e-06	6.560486e-09	4.138227e-09	3.511740e+01	1.047168e+03
4.170000e-06	6.535038e-09	4.108362e-09	3.498118e+01	1.045948e+03
4.180000e-06	6.509115e-09	4.116509e-09	3.484242e+01	1.044654e+03
4.190000e-06	6.482740e-09	4.120064e-09	3.470124e+01	1.043293e+03
4.200000e-06	6.455863e-09	4.094917e-09	3.455737e+01	1.041870e+03
4.210000e-06	6.428484e-09	4.094778e-09	3.441081e+01	1.040394e+03
4.220000e-06	6.400696e-09	4.101205e-09	3.426207e+01	1.038870e+03
4.230000e-06	6.372601e-09	4.080466e-09	3.411168e+01	1.037305e+03
4.240000e-06	6.344221e-09	4.072010e-09	3.395976e+01	1.035704e+03
4.250000e-06	6.315450e-09	4.078648e-09	3.380575e+01	1.034071e+03
4.260000e-06	6.286111e-09	4.068009e-09	3.364871e+01	1.032408e+03
4.270000e-06	6.256072e-09	4.055870e-09	3.348792e+01	1.030718e+03
4.280000e-06	6.225310e-09	4.052446e-09	3.332325e+01	1.028999e+03
4.290000e-06	6.193938e-09	4.041975e-09	3.315532e+01	1.027251e+03
4.300000e-06	6.162118e-09	4.033198e-09	3.298499e+01	1.025473e+03
4.310000e-06	6.129944e-09	4.030645e-09	3.281277e+01	1.023662e+03
4.320000e-06	6.097414e-09	4.021987e-09	3.263864e+01	1.021816e+03
4.330000e-06	6.064481e-09	4.011869e-09	3.246235e+01	1.019934e+03
4.340000e-06	6.031118e-09	4.005799e-09	3.228376e+01	1.018014e+03
4.350000e-06	5.997333e-09	3.998065e-09	3.210292e+01	1.016054e+03
4.360000e-06	5.963148e-09	3.990070e-09	3.191993e+01	1.014056e+03
4.370000e-06	5.928561e-09	3.981434e-09	3.173479e+01	1.012019e+03
4.380000e-06	5.893540e-09	3.969908e-09	3.154733e+01	1.009944e+03
4.390000e-06	5.858108e-09	3.961500e-09	3.135767e+01	1.007833e+03
4.400000e-06	5.822347e-09	3.956305e-09	3.116624e+01	1.005687e+03
4.410000e-06	5.786324e-09	3.948392e-09	3.097341e+01	1.003508e+03
4.420000e-06	5.750043e-09	3.938522e-09	3.077921e+01	1.001297e+03
4.430000e-06	5.713419e-09	3.928186e-09	3.058317e+01	9.990547e+02
4.440000e-06	5.676299e-09	3.917967e-09	3.038447e+01	9.967817e+02
4.450000e-06	5.638552e-09	3.909653e-09	3.018241e+01	9.944774e+02
4.460000e-06	5.600121e-09	3.900572e-09	2.997670e+01	9.921403e+02
4.470000e-06	5.561047e-09	3.889323e-09	2.976754e+01	9.897689e+02
4.480000e-06	5.521468e-09	3.879186e-09	2.955568e+01	9.873607e+02
4.490000e-06	5.481538e-09	3.870091e-09	2.934194e+01	9.849132e+02
4.500000e-06	5.441324e-09	3.860410e-09	2.912668e+01	9.824235e+02
4.510000e-06	5.400820e-09	3.850612e-09	2.890987e+01	9.798891e+02
4.520000e-06	5.359985e-09	3.839403e-09	2.869128e+01	9.773078e+02
4.530000e-06	5.318777e-09	3.826911e-09	2.847070e+01	9.746776e+02
4.540000e-06	5.277205e-09	3.816267e-09	2.824817e+01	9.719975e+02
4.550000e-06	5.235305e-09	3.807086e-09	2.802389e+01	9.692669e+02
4.560000e-06	5.193086e-09	3.795885e-09	2.779789e+01	9.664860e+02
4.570000e-06	5.150504e-09	3.783388e-09	2.756996e+01	9.636558e+02
4.580000e-06	5.107528e-09	3.772090e-09	2.733991e+01	9.607776e+02
4.590000e-06	5.064179e-09	3.761292e-09	2.710787e+01	9.578532e+02
4.600000e-06	5.020492e-09	3.749663e-09	2.687402e+01	9.548846e+02
4.610000e-06	4.976523e-09	3.737410e-09	2.663866e+01	9.518739e+02
4.620000e-06	4.932318e-09	3.724442e-09	2.640204e+01	9.488229e+02
4.630000e-06	4.887868e-09	3.711406e-09	2.616410e+01	9.457331e+02
4.640000e-06	4.843107e-09	3.699559e-09	2.592450e+01	9.426058e+02
4.650000e-06	4.797959e-09	3.687922e-09	2.568283e+01	9.394416e+02
4.660000e-06	4.752401e-09	3.674615e-09	2.543896e+01	9.362404e+02
4.670000e-06	4.706468e-09	3.660283e-09	2.519309e+01	9.330018e+02
4.680000e-06	4.660213e-09	3.646696e-09	2.494549e+01	9.297248e+02
4.690000e-06	4.613674e-09	3.634035e-09	2.469637e+01	9.264079e+02
4.700000e-06	4.566863e-09	3.621178e-09	2.444580e+01	9.230492e+02
4.710000e-06	4.519777e-09	3.607560e-09	2.419375e+01	9.196468e+02
4.720000e-06	4.472391e-09	3.593695e-09	2.394011e+01	9.161984e+02
4.730000e-06	4.424659e-09	3.579978e-09	2.368460e+01	9.127019e+02
4.740000e-06	4.376527e-09	3.566140e-09	2.342696e+01	9.091550e+02
4.750000e-06	4.327958e-09	3.551751e-09	2.316698e+01	9.055556e+02
4.760000e-06	4.278960e-09	3.536697e-09	2.290470e+01	9.019019e+02
4.770000e-06	4.229579e-09	3.521510e-09	2.264037e+01	8.981920e+02
4.780000e-06	4.179855e-09	3.506935e-09	2.237420e+01	8.944243e+02
4.790000e-06	4.129823e-09	3.492362e-09	2.210639e+01	8.905973e+02
4.800000e-06	4.079495e-09	3.476812e-09	2.183699e+01	8.867097e+02
4.810000e-06	4.028870e-09	3.460271e-09	2.156600e+01	8.827601e+02
4.820000e-06	3.977943e-09	3.443585e-09	2.129339e+01	8.787475e+02
4.830000e-06	3.926718e-09	3.427390e-09	2.101919e+01	8.746705e+02
4.840000e-06	3.875203e-09	3.411303e-09	2.074344e+01	8.705281e+02
4.850000e-06	3.823404e-09	3.394459e-09	2.046617e+01	8.663193e+02
4.860000e-06	3.771330e-09	3.376768e-09	2.018742e+01	8.620429e+02
4.870000e-06	3.718976e-09	3.359042e-09	1.990717e+01	8.576980e+02
4.880000e-06	3.666322e-09	3.341822e-09	1.962533e+01	8.532835e+02
4.890000e-06	3.613338e-09	3.324374e-09	1.934171e+01	8.487985e+02
4.900000e-06	3.559984e-09	3.306144e-09	1.905612e+01	8.442422e+02
4.910000e-06	3.506232e-09	3.287302e-09	1.876839e+01	8.396136e+02
4.920000e-06	3.452072e-09	3.268205e-09	1.847848e+01	8.349119e+02
4.930000e-06	3.397513e-09	3.249339e-09	1.818644e+01	8.301365e+02
4.940000e-06	3.342592e-09	3.230277e-09	1.789245e+01	8.252863e+02
4.950000e-06	3.287348e-09	3.210318e-09	1.759674e+01	8.203607e+02
4.960000e-06	3.231832e-09	3.190052e-09	1.729957e+01	8.153588e+02
4.970000e-06	3.176097e-09	3.170245e-09	1.700123e+01	8.102796e+02
4.980000e-06	3.120179e-09	3.150484e-09	1.670190e+01	8.051222e+02
4.990000e-06	3.064100e-09	3.130111e-09	1.640172e+01	7.998857e+02
5.000000e-06	3.007865e-09	3.108845e-09	1.610070e+01	7.945689e+02
5.010000e-06	2.951466e-09	3.087069e-09	1.579881e+01	7.891709e+02
5.020000e-06	2.894894e-09	3.065629e-09	1.549598e+01	7.836904e+02
5.030000e-06	2.838147e-09	3.044515e-09	1.519222e+01	7.781266e+02
5.040000e-06	2.781212e-09	3.022878e-09	1.488746e+01	7.724781e+02
5.050000e-06	2.724089e-09	3.000426e-09	1.458168e+01	7.667439e+02
5.060000e-06	2.666777e-09	2.977728e-09	1.427490e+01	7.609229e+02
5.070000e-06	2.609278e-09	2.955061e-09	1.396712e+01	7.550137e+02
5.080000e-06	2.551603e-09	2.932009e-09	1.365839e+01	7.490149e+02
5.090000e-06	2.493748e-09	2.908293e-09	1.334870e+01	7.429248e+02
5.100000e-06	2.435713e-09	2.884199e-09	1.303805e+01	7.367414e+02
5.110000e-06	2.377508e-09	2.860144e-09	1.272648e+01	7.304624e+02
5.120000e-06	2.319130e-09	2.835827e-09	1.241399e+01	7.240849e+02
5.130000e-06	2.260577e-09	2.810831e-09	1.210056e+01	7.176054e+02
5.140000e-06	2.201840e-09	2.785299e-09	1.178615e+01	7.110199e+02
5.150000e-06	2.142922e-09	2.759245e-09	1.147078e+01	7.043237e+02
5.160000e-06	2.083834e-09	2.732600e-09	1.115448e+01	6.975116e+02
5.170000e-06	2.024597e-09	2.705854e-09	1.083740e+01	6.905779e+02
5.180000e-06	1.965231e-09	2.678645e-09	1.051962e+01	6.835163e+02
5.190000e-06	1.905750e-09	2.650185e-09	1.020122e+01	6.763203e+02
5.200000e-06	1.846169e-09	2.621309e-09	9.882293e+00	6.689831e+02
5.210000e-06	1.786487e-09	2.592540e-09	9.562822e+00	6.614982e+02
5.220000e-06	1.726706e-09	2.562712e-09	9.242826e+00	6.538590e+02
5.230000e-06	1.666842e-09	2.531487e-09	8.922377e+00	6.460594e+02
5.240000e-06	1.606900e-09	2.499774e-09	8.601515e+00	6.380937e+02
5.250000e-06	1.546884e-09	2.467681e-09	8.280258e+00	6.299568e+02
5.260000e-06	1.486797e-09	2.435093e-09	7.958619e+00	6.216444e+02
5.270000e-06	1.426643e-09	2.401871e-09	7.636620e+00	6.131525e+02
5.280000e-06	1.366421e-09	2.367457e-09	7.314261e+00	6.044782e+02
5.290000e-06	1.306128e-09	2.332070e-09	6.991520e+00	5.956187e+02
5.300000e-06	1.245765e-09	2.295990e-09	6.668401e+00	5.865716e+02
5.310000e-06	1.185338e-09	2.258982e-09	6.344943e+00	5.773348e+02
5.320000e-06	1.124855e-09	2.221548e-09	6.021185e+00	5.679061e+02
5.330000e-06	1.064316e-09	2.184301e-09	5.697130e+00	5.582829e+02
5.340000e-06	1.003718e-09	2.146982e-09	5.372757e+00	5.484622e+02
5.350000e-06	9.430597e-10	2.109061e-09	5.048061e+00	5.384402e+02
5.360000e-06	8.823401e-10	2.069788e-09	4.723037e+00	5.282124e+02
5.370000e-06	8.215547e-10	2.028629e-09	4.397661e+00	5.177730e+02
5.380000e-06	7.606938e-10	1.986215e-09	4.071881e+00	5.071156e+02
5.390000e-06	6.997591e-10	1.943314e-09	3.745706e+00	4.962325e+02
5.400000e-06	6.387601e-10	1.899735e-09	3.419188e+00	4.851151e+02
5.410000e-06	5.776952e-10	1.855094e-09	3.092317e+00	4.737541e+02
5.420000e-06	5.165691e-10	1.809590e-09	2.765118e+00	4.621399e+02
5.430000e-06	4.553822e-10	1.763519e-09	2.437594e+00	4.502622e+02
5.440000e-06	3.941451e-10	1.716553e-09	2.109800e+00	4.381113e+02
5.450000e-06	3.328771e-10	1.667985e-09	1.781842e+00	4.256775e+02
5.460000e-06	2.715886e-10	1.617586e-09	1.453774e+00	4.129521e+02
5.470000e-06	2.102931e-10	1.565796e-09	1.125669e+00	3.999275e+02
5.480000e-06	1.489991e-10	1.513453e-09	7.975715e-01	3.865975e+02
5.490000e-06	8.770547e-11	1.460893e-09	4.694761e-01	3.729576e+02
5.500000e-06	2.641011e-11	1.407107e-09	1.413714e-01	3.590054e+02
5.510000e-06	-3.488593e-11	1.351191e-09	-1.867368e-01	3.447404e+02
5.520000e-06	-9.617984e-11	1.293807e-09	-5.148336e-01	3.301647e+02
5.530000e-06	-1.574640e-10	1.236100e-09	-8.428783e-01	3.152822e+02
5.540000e-06	-2.187354e-10	1.177622e-09	-1.170855e+00	3.000993e+02
5.550000e-06	-2.799915e-10	1.117032e-09	-1.498749e+00	2.846243e+02
5.560000e-06	-3.412247e-10	1.054409e-09	-1.826520e+00	2.688675e+02
5.570000e-06	-4.024261e-10	9.908981e-10	-2.154123e+00	2.528405e+02
5.580000e-06	-4.635851e-10	9.271184e-10	-2.481497e+00	2.365566e+02
5.590000e-06	-5.246946e-10	8.626493e-10	-2.808607e+00	2.200296e+02
5.600000e-06	-5.857485e-10	7.968942e-10	-3.135420e+00	2.032741e+02
5.610000e-06	-6.467307e-10	7.300532e-10	-3.461848e+00	1.863049e+02
5.620000e-06	-7.076329e-10	6.628392e-10	-3.787849e+00	1.691367e+02
5.630000e-06	-7.684659e-10	5.955695e-10	-4.113480e+00	1.517838e+02
5.640000e-06	-8.292373e-10	5.274246e-10	-4.438781e+00	1.342599e+02
5.650000e-06	-8.899453e-10	4.575756e-10	-4.763742e+00	1.165778e+02
5.660000e-06	-9.505924e-10	3.866480e-10	-5.088378e+00	9.874964e+01
5.670000e-06	-1.011183e-09	3.158136e-10	-5.412713e+00	8.078663e+01
5.680000e-06	-1.071714e-09	2.451153e-10	-5.736725e+00	6.269924e+01
5.690000e-06	-1.132181e-09	1.738505e-10	-6.060398e+00	4.449741e+01
5.700000e-06	-1.192589e-09	1.017505e-10	-6.383756e+00	2.619076e+01
5.710000e-06	-1.252935e-09	2.898707e-11	-6.706779e+00	7.788902e+00
5.720000e-06	-1.313212e-09	-4.403670e-11	-7.029434e+00	-1.069825e+01
5.730000e-06	-1.373420e-09	-1.171793e-10	-7.351722e+00	-2.926014e+01
5.740000e-06	-1.433564e-09	-1.907431e-10	-7.673665e+00	-4.788528e+01
5.750000e-06	-1.493640e-09	-2.648862e-10	-7.995243e+00	-6.656101e+01
5.760000e-06	-1.553640e-09	-3.391716e-10	-8.316419e+00	-8.527329e+01
5.770000e-06	-1.613566e-09	-4.129862e-10	-8.637197e+00	-1.040066e+02
5.780000e-06	-1.673414e-09	-4.863689e-10	-8.957557e+00	-1.227441e+02
5.790000e-06	-1.733179e-09	-5.597573e-10	-9.277469e+00	-1.414675e+02
5.800000e-06	-1.792856e-09	-6.334029e-10	-9.596912e+00	-1.601574e+02
5.810000e-06	-1.852432e-09	-7.072477e-10	-9.915817e+00	-1.787939e+02
5.820000e-06	-1.911894e-09	-7.807850e-10	-1.023411e+01	-1.973564e+02
5.830000e-06	-1.971223e-09	-8.536181e-10	-1.055169e+01	-2.158244e+02
5.840000e-06	-2.030399e-09	-9.262689e-10	-1.086845e+01	-2.341782e+02
5.850000e-06	-2.089414e-09	-9.991242e-10	-1.118435e+01	-2.523989e+02
5.860000e-06	-2.148267e-09	-1.070979e-09	-1.149938e+01	-2.704688e+02
5.870000e-06	-2.206945e-09	-1.140904e-09	-1.181348e+01	-2.883722e+02
5.880000e-06	-2.265454e-09	-1.209662e-09	-1.212667e+01	-3.060951e+02
5.890000e-06	-2.323793e-09	-1.278345e-09	-1.243895e+01	-3.236255e+02
5.900000e-06	-2.381954e-09	-1.347364e-09	-1.275028e+01	-3.409538e+02
5.910000e-06	-2.439937e-09	-1.415866e-09	-1.306065e+01	-3.580717e+02
5.920000e-06	-2.497737e-09	-1.482603e-09	-1.337005e+01	-3.749731e+02
5.930000e-06	-2.555350e-09	-1.547806e-09	-1.367844e+01	-3.916530e+02
5.940000e-06	-2.612775e-09	-1.612615e-09	-1.398583e+01	-4.081072e+02
5.950000e-06	-2.670005e-09	-1.676892e-09	-1.429218e+01	-4.243324e+02
5.960000e-06	-2.727031e-09	-1.739515e-09	-1.459743e+01	-4.403253e+02
5.970000e-06	-2.783856e-09	-1.800413e-09	-1.490160e+01	-4.560821e+02
5.980000e-06	-2.840493e-09	-1.860515e-09	-1.520478e+01	-4.715989e+02
5.990000e-06	-2.896960e-09	-1.920715e-09	-1.550703e+01	-4.868708e+02
6.000000e-06	-2.953272e-09	-1.980963e-09	-1.580847e+01	-5.018921e+02
6.010000e-06	-3.009445e-09	-2.039980e-09	-1.610916e+01	-5.166563e+02
6.020000e-06	-3.065480e-09	-2.097026e-09	-1.640910e+01	-5.311561e+02
6.030000e-06	-3.121358e-09	-2.152605e-09	-1.670821e+01	-5.453837e+02
6.040000e-06	-3.177050e-09	-2.207000e-09	-1.700633e+01	-5.593310e+02
6.050000e-06	-3.232516e-09	-2.260007e-09	-1.730323e+01	-5.729899e+02
6.060000e-06	-3.287695e-09	-2.311829e-09	-1.759859e+01	-5.863529e+02
6.070000e-06	-3.342532e-09	-2.362899e-09	-1.789212e+01	-5.994130e+02
6.080000e-06	-3.396993e-09	-2.413387e-09	-1.818364e+01	-6.121644e+02
6.090000e-06	-3.451055e-09	-2.463164e-09	-1.847303e+01	-6.246025e+02
6.100000e-06	-3.504719e-09	-2.511792e-09	-1.876029e+01	-6.367240e+02
6.110000e-06	-3.557996e-09	-2.558472e-09	-1.904547e+01	-6.485272e+02
6.120000e-06	-3.610906e-09	-2.603108e-09	-1.932869e+01	-6.600120e+02
6.130000e-06	-3.663498e-09	-2.646577e-09	-1.961021e+01	-6.711795e+02
6.140000e-06	-3.715820e-09	-2.689260e-09	-1.989028e+01	-6.820322e+02
6.150000e-06	-3.767885e-09	-2.730921e-09	-2.016898e+01	-6.925736e+02
6.160000e-06	-3.819689e-09	-2.771502e-09	-2.044628e+01	-7.028082e+02
6.170000e-06	-3.871216e-09	-2.811116e-09	-2.072210e+01	-7.127410e+02
6.180000e-06	-3.922442e-09	-2.849604e-09	-2.099630e+01	-7.223775e+02
6.190000e-06	-3.973361e-09	-2.886634e-09	-2.126886e+01	-7.317237e+02
6.200000e-06	-4.023977e-09	-2.922058e-09	-2.153980e+01	-7.407858e+02
6.210000e-06	-4.074295e-09	-2.955928e-09	-2.180915e+01	-7.495700e+02
6.220000e-06	-4.124303e-09	-2.988784e-09	-2.207683e+01	-7.580830e+02
6.230000e-06	-4.173962e-09	-3.021238e-09	-2.234265e+01	-7.663316e+02
6.240000e-06	-4.223217e-09	-3.053024e-09	-2.260631e+01	-7.743230e+02
6.250000e-06	-4.272017e-09	-3.083744e-09	-2.286753e+01	-7.820647e+02
6.260000e-06	-4.320327e-09	-3.113508e-09	-2.312612e+01	-7.895649e+02
6.270000e-06	-4.368153e-09	-3.142511e-09	-2.338213e+01	-7.968321e+02
6.280000e-06	-4.415578e-09	-3.170382e-09	-2.363599e+01	-8.038755e+02
6.290000e-06	-4.462675e-09	-3.196690e-09	-2.388809e+01	-8.107047e+02
6.300000e-06	-4.509493e-09	-3.221998e-09	-2.413870e+01	-8.173298e+02
6.310000e-06	-4.556078e-09	-3.247128e-09	-2.438807e+01	-8.237611e+02
6.320000e-06	-4.602441e-09	-3.272177e-09	-2.463624e+01	-8.300089e+02
6.330000e-06	-4.648566e-09	-3.296654e-09	-2.488314e+01	-8.360833e+02
6.340000e-06	-4.694408e-09	-3.320168e-09	-2.512853e+01	-8.419940e+02
6.350000e-06	-4.739920e-09	-3.342659e-09	-2.537215e+01	-8.477501e+02
6.360000e-06	-4.785072e-09	-3.364286e-09	-2.561384e+01	-8.533597e+02
6.370000e-06	-4.829875e-09	-3.385298e-09	-2.585367e+01	-8.588298e+02
6.380000e-06	-4.874376e-09	-3.405933e-09	-2.609187e+01	-8.641665e+02
6.390000e-06	-4.918637e-09	-3.426306e-09	-2.632880e+01	-8.693746e+02
6.400000e-06	-4.962693e-09	-3.446396e-09	-2.656462e+01	-8.744577e+02
6.410000e-06	-5.006522e-09	-3.466146e-09	-2.679923e+01	-8.794185e+02
6.420000e-06	-5.050053e-09	-3.485540e-09	-2.703225e+01	-8.842589e+02
6.430000e-06	-5.093223e-09	-3.504377e-09	-2.726333e+01	-8.889799e+02
6.440000e-06	-5.136014e-09	-3.522320e-09	-2.749239e+01	-8.935826e+02
6.450000e-06	-5.178449e-09	-3.539598e-09	-2.771954e+01	-8.980674e+02
6.460000e-06	-5.220554e-09	-3.556873e-09	-2.794492e+01	-9.024352e+02
6.470000e-06	-5.262317e-09	-3.574503e-09	-2.816847e+01	-9.066870e+02
6.480000e-06	-5.303700e-09	-3.591916e-09	-2.838999e+01	-9.108243e+02
6.490000e-06	-5.344687e-09	-3.608467e-09	-2.860939e+01	-9.148492e+02
6.500000e-06	-5.385307e-09	-3.624195e-09	-2.882682e+01	-9.187642e+02
6.510000e-06	-5.425628e-09	-3.639054e-09	-2.904266e+01	-9.225726e+02
6.520000e-06	-5.465705e-09	-3.653228e-09	-2.925719e+01	-9.262779e+02
6.530000e-06	-5.505526e-09	-3.667507e-09	-2.947034e+01	-9.298842e+02
6.540000e-06	-5.544997e-09	-3.681998e-09	-2.968162e+01	-9.333957e+02
6.550000e-06	-5.583982e-09	-3.695969e-09	-2.989031e+01	-9.368167e+02
6.560000e-06	-5.622355e-09	-3.709429e-09	-3.009571e+01	-9.401517e+02
6.570000e-06	-5.660062e-09	-3.722760e-09	-3.029755e+01	-9.434048e+02
6.580000e-06	-5.697152e-09	-3.735581e-09	-3.049608e+01	-9.465800e+02
6.590000e-06	-5.733757e-09	-3.747486e-09	-3.069203e+01	-9.496809e+02
6.600000e-06	-5.770025e-09	-3.758718e-09	-3.088616e+01	-9.527110e+02
6.610000e-06	-5.806032e-09	-3.769751e-09	-3.107891e+01	-9.556736e+02
6.620000e-06	-5.841754e-09	-3.780966e-09	-3.127012e+01	-9.585714e+02
6.630000e-06	-5.877107e-09	-3.792485e-09	-3.145936e+01	-9.614072e+02
6.640000e-06	-5.912023e-09	-3.804147e-09	-3.164627e+01	-9.641836e+02
6.650000e-06	-5.946501e-09	-3.815419e-09	-3.183082e+01	-9.669033e+02
6.660000e-06	-5.980558e-09	-3.825665e-09	-3.201312e+01	-9.695685e+02
6.670000e-06	-6.014177e-09	-3.835191e-09	-3.219308e+01	-9.721819e+02
6.680000e-06	-6.047342e-09	-3.844608e-09	-3.237061e+01	-9.747456e+02
6.690000e-06	-6.080074e-09	-3.853887e-09	-3.254582e+01	-9.772620e+02
6.700000e-06	-6.112444e-09	-3.863130e-09	-3.271909e+01	-9.797331e+02
6.710000e-06	-6.144507e-09	-3.872629e-09	-3.289072e+01	-9.821608e+02
6.720000e-06	-6.176223e-09	-3.882326e-09	-3.306049e+01	-9.845467e+02
6.730000e-06	-6.207457e-09	-3.891830e-09	-3.322768e+01	-9.868918e+02
6.740000e-06	-6.238059e-09	-3.900641e-09	-3.339149e+01	-9.891972e+02
6.750000e-06	-6.267950e-09	-3.908766e-09	-3.355150e+01	-9.914631e+02
6.760000e-06	-6.297169e-09	-3.916682e-09	-3.370790e+01	-9.936899e+02
6.770000e-06	-6.325854e-09	-3.924645e-09	-3.386144e+01	-9.958773e+02
6.780000e-06	-6.354164e-09	-3.932757e-09	-3.401298e+01	-9.980251e+02
6.790000e-06	-6.382187e-09	-3.940985e-09	-3.416299e+01	-1.000133e+03
6.800000e-06	-6.409879e-09	-3.949102e-09	-3.431122e+01	-1.002200e+03
6.810000e-06	-6.437134e-09	-3.957097e-09	-3.445711e+01	-1.004227e+03
6.820000e-06	-6.463893e-09	-3.964904e-09	-3.460035e+01	-1.006214e+03
6.830000e-06	-6.490172e-09	-3.972285e-09	-3.474102e+01	-1.008160e+03
6.840000e-06	-6.515976e-09	-3.979204e-09	-3.487914e+01	-1.010068e+03
6.850000e-06	-6.541282e-09	-3.985972e-09	-3.501461e+01	-1.011938e+03
6.860000e-06	-6.566107e-09	-3.992842e-09	-3.514749e+01	-1.013771e+03
6.870000e-06	-6.590543e-09	-3.999708e-09	-3.527829e+01	-1.015570e+03
6.880000e-06	-6.614695e-09	-4.006527e-09	-3.540758e+01	-1.017335e+03
6.890000e-06	-6.638553e-09	-4.013259e-09	-3.553529e+01	-1.019069e+03
6.900000e-06	-6.661970e-09	-4.019783e-09	-3.566063e+01	-1.020773e+03
6.910000e-06	-6.684757e-09	-4.025951e-09	-3.578261e+01	-1.022448e+03
6.920000e-06	-6.706797e-09	-4.031832e-09	-3.590058e+01	-1.024095e+03
6.930000e-06	-6.728094e-09	-4.037808e-09	-3.601458e+01	-1.025713e+03
6.940000e-06	-6.748797e-09	-4.043993e-09	-3.612540e+01	-1.027303e+03
6.950000e-06	-6.769101e-09	-4.050146e-09	-3.623409e+01	-1.028863e+03
6.960000e-06	-6.789092e-09	-4.056100e-09	-3.634110e+01	-1.030392e+03
6.970000e-06	-6.808706e-09	-4.061825e-09	-3.644609e+01	-1.031888e+03
6.980000e-06	-6.827837e-09	-4.067094e-09	-3.654849e+01	-1.033350e+03
6.990000e-06	-6.846474e-09	-4.071933e-09	-3.664826e+01	-1.034775e+03
7.000000e-06	-6.864670e-09	-4.077038e-09	-3.674566e+01	-1.036163e+03
7.010000e-06	-6.882427e-09	-4.082645e-09	-3.684071e+01	-1.037513e+03
7.020000e-06	-6.899694e-09	-4.087923e-09	-3.693314e+01	-1.038823e+03
7.030000e-06	-6.916475e-09	-4.092537e-09	-3.702296e+01	-1.040095e+03
7.040000e-06	-6.932875e-09	-4.097004e-09	-3.711075e+01	-1.041327e+03
7.050000e-06	-6.948960e-09	-4.101495e-09	-3.719685e+01	-1.042522e+03
7.060000e-06	-6.964630e-09	-4.106045e-09	-3.728073e+01	-1.043679e+03
7.070000e-06	-6.979642e-09	-4.110523e-09	-3.736109e+01	-1.044802e+03
7.080000e-06	-6.993807e-09	-4.114564e-09	-3.743691e+01	-1.045890e+03
7.090000e-06	-7.007157e-09	-4.118424e-09	-3.750837e+01	-1.046946e+03
7.100000e-06	-7.019862e-09	-4.122870e-09	-3.757638e+01	-1.047970e+03
7.110000e-06	-7.032071e-09	-4.127552e-09	-3.764173e+01	-1.048962e+03
7.120000e-06	-7.043805e-09	-4.131226e-09	-3.770454e+01	-1.049923e+03
7.130000e-06	-7.055005e-09	-4.134023e-09	-3.776449e+01	-1.050852e+03
7.140000e-06	-7.065682e-09	-4.136852e-09	-3.782165e+01	-1.051749e+03
7.150000e-06	-7.075907e-09	-4.140036e-09	-3.787638e+01	-1.052611e+03
7.160000e-06	-7.085670e-09	-4.143500e-09	-3.792864e+01	-1.053438e+03
7.170000e-06	-7.094917e-09	-4.146693e-09	-3.797814e+01	-1.054227e+03
7.180000e-06	-7.103661e-09	-4.149639e-09	-3.802494e+01	-1.054978e+03
7.190000e-06	-7.112014e-09	-4.153172e-09	-3.806966e+01	-1.055690e+03
7.200000e-06	-7.120055e-09	-4.157057e-09	-3.811270e+01	-1.056362e+03
7.210000e-06	-7.127701e-09	-4.159723e-09	-3.815363e+01	-1.056996e+03
7.220000e-06	-7.134750e-09	-4.160696e-09	-3.819136e+01	-1.057590e+03
7.230000e-06	-7.141032e-09	-4.161594e-09	-3.822499e+01	-1.058148e+03
7.240000e-06	-7.146521e-09	-4.163813e-09	-3.825437e+01	-1.058671e+03
7.250000e-06	-7.151351e-09	-4.167146e-09	-3.828023e+01	-1.059160e+03
7.260000e-06	-7.155728e-09	-4.170264e-09	-3.830365e+01	-1.059619e+03
7.270000e-06	-7.159768e-09	-4.172229e-09	-3.832528e+01	-1.060049e+03
7.280000e-06	-7.163427e-09	-4.173764e-09	-3.834486e+01	-1.060452e+03
7.290000e-06	-7.166595e-09	-4.175676e-09	-3.836182e+01	-1.060828e+03
7.300000e-06	-7.169259e-09	-4.177621e-09	-3.837608e+01	-1.061178e+03
7.310000e-06	-7.171488e-09	-4.178832e-09	-3.838801e+01	-1.061501e+03
7.320000e-06	-7.173286e-09	-4.179027e-09	-3.839764e+01	-1.061796e+03
7.330000e-06	-7.174479e-09	-4.179224e-09	-3.840403e+01	-1.062060e+03
7.340000e-06	-7.175143e-09	-4.180926e-09	-3.840758e+01	-1.062290e+03
