# Temperatura_=_-1.2987538940809968
# Concentracion g/m^3_=_19900.0
# C_Vs_to_Am_M_A/Vsm_=_254322799225.57578
# pendiente_HvsI_1/m_=_3716.3
# ordenada_HvsI_A/m_=_1297.0
# frecuencia_Hz_=_136142.2094499239
# Promedio de 321 ciclos

Tiempo_(s)	Campo_(V.s)	Magnetizacion_(V.s)	Campo_(kA/m)	Magnetizacion_(A/m)
0.000000e+00	-7.166090e-09	-2.921087e-09	-3.840385e+01	-7.416583e+02
1.000000e-08	-7.166182e-09	-2.922039e-09	-3.840434e+01	-7.417961e+02
2.000000e-08	-7.165943e-09	-2.923446e-09	-3.840306e+01	-7.419134e+02
3.000000e-08	-7.165249e-09	-2.924119e-09	-3.839934e+01	-7.420077e+02
4.000000e-08	-7.163922e-09	-2.923927e-09	-3.839223e+01	-7.420771e+02
5.000000e-08	-7.161831e-09	-2.924024e-09	-3.838102e+01	-7.421200e+02
6.000000e-08	-7.158993e-09	-2.925189e-09	-3.836581e+01	-7.421359e+02
7.000000e-08	-7.155569e-09	-2.927335e-09	-3.834747e+01	-7.421249e+02
8.000000e-08	-7.151688e-09	-2.926072e-09	-3.832667e+01	-7.420885e+02
9.000000e-08	-7.147262e-09	-2.916221e-09	-3.830295e+01	-7.420289e+02
1.000000e-07	-7.142112e-09	-2.911745e-09	-3.827535e+01	-7.419494e+02
1.100000e-07	-7.136316e-09	-2.933520e-09	-3.824429e+01	-7.418538e+02
1.200000e-07	-7.130206e-09	-2.949728e-09	-3.821154e+01	-7.417466e+02
1.300000e-07	-7.123886e-09	-2.917936e-09	-3.817767e+01	-7.416321e+02
1.400000e-07	-7.117095e-09	-2.893033e-09	-3.814128e+01	-7.415148e+02
1.500000e-07	-7.109694e-09	-2.929494e-09	-3.810162e+01	-7.413985e+02
1.600000e-07	-7.101882e-09	-2.958706e-09	-3.805975e+01	-7.412862e+02
1.700000e-07	-7.093750e-09	-2.914908e-09	-3.801617e+01	-7.411798e+02
1.800000e-07	-7.085047e-09	-2.878263e-09	-3.796953e+01	-7.410804e+02
1.900000e-07	-7.075612e-09	-2.922953e-09	-3.791897e+01	-7.409875e+02
2.000000e-07	-7.065612e-09	-2.955707e-09	-3.786538e+01	-7.408997e+02
2.100000e-07	-7.055172e-09	-2.910346e-09	-3.780943e+01	-7.408143e+02
2.200000e-07	-7.044097e-09	-2.884172e-09	-3.775008e+01	-7.407281e+02
2.300000e-07	-7.032301e-09	-2.925406e-09	-3.768686e+01	-7.406372e+02
2.400000e-07	-7.019971e-09	-2.931900e-09	-3.762078e+01	-7.405375e+02
2.500000e-07	-7.007118e-09	-2.886108e-09	-3.755190e+01	-7.404250e+02
2.600000e-07	-6.993616e-09	-2.890549e-09	-3.747954e+01	-7.402965e+02
2.700000e-07	-6.979499e-09	-2.927482e-09	-3.740389e+01	-7.401490e+02
2.800000e-07	-6.964773e-09	-2.905078e-09	-3.732497e+01	-7.399809e+02
2.900000e-07	-6.949263e-09	-2.880100e-09	-3.724185e+01	-7.397913e+02
3.000000e-07	-6.932980e-09	-2.912406e-09	-3.715459e+01	-7.395807e+02
3.100000e-07	-6.916180e-09	-2.914722e-09	-3.706456e+01	-7.393503e+02
3.200000e-07	-6.898999e-09	-2.876019e-09	-3.697248e+01	-7.391021e+02
3.300000e-07	-6.881408e-09	-2.892834e-09	-3.687821e+01	-7.388387e+02
3.400000e-07	-6.863424e-09	-2.927498e-09	-3.678183e+01	-7.385628e+02
3.500000e-07	-6.845028e-09	-2.893145e-09	-3.668324e+01	-7.382772e+02
3.600000e-07	-6.826110e-09	-2.866470e-09	-3.658186e+01	-7.379838e+02
3.700000e-07	-6.806672e-09	-2.902938e-09	-3.647769e+01	-7.376841e+02
3.800000e-07	-6.786843e-09	-2.907175e-09	-3.637143e+01	-7.373783e+02
3.900000e-07	-6.766665e-09	-2.868377e-09	-3.626329e+01	-7.370656e+02
4.000000e-07	-6.746048e-09	-2.879927e-09	-3.615280e+01	-7.367436e+02
4.100000e-07	-6.724936e-09	-2.905417e-09	-3.603966e+01	-7.364091e+02
4.200000e-07	-6.703346e-09	-2.878727e-09	-3.592395e+01	-7.360577e+02
4.300000e-07	-6.681289e-09	-2.868609e-09	-3.580575e+01	-7.356841e+02
4.400000e-07	-6.658786e-09	-2.893713e-09	-3.568516e+01	-7.352827e+02
4.500000e-07	-6.635825e-09	-2.879962e-09	-3.556210e+01	-7.348478e+02
4.600000e-07	-6.612408e-09	-2.858491e-09	-3.543661e+01	-7.343739e+02
4.700000e-07	-6.588631e-09	-2.878846e-09	-3.530918e+01	-7.338563e+02
4.800000e-07	-6.564530e-09	-2.880371e-09	-3.518002e+01	-7.332912e+02
4.900000e-07	-6.539994e-09	-2.854191e-09	-3.504853e+01	-7.326763e+02
5.000000e-07	-6.514863e-09	-2.861370e-09	-3.491386e+01	-7.320104e+02
5.100000e-07	-6.489019e-09	-2.873429e-09	-3.477536e+01	-7.312942e+02
5.200000e-07	-6.462421e-09	-2.853936e-09	-3.463282e+01	-7.305297e+02
5.300000e-07	-6.435178e-09	-2.848380e-09	-3.448682e+01	-7.297201e+02
5.400000e-07	-6.407488e-09	-2.859595e-09	-3.433842e+01	-7.288697e+02
5.500000e-07	-6.379472e-09	-2.848687e-09	-3.418828e+01	-7.279836e+02
5.600000e-07	-6.351122e-09	-2.838533e-09	-3.403635e+01	-7.270672e+02
5.700000e-07	-6.322363e-09	-2.846892e-09	-3.388223e+01	-7.261258e+02
5.800000e-07	-6.293151e-09	-2.843514e-09	-3.372568e+01	-7.251644e+02
5.900000e-07	-6.263519e-09	-2.832290e-09	-3.356688e+01	-7.241871e+02
6.000000e-07	-6.233501e-09	-2.832964e-09	-3.340601e+01	-7.231972e+02
6.100000e-07	-6.203060e-09	-2.830095e-09	-3.324287e+01	-7.221967e+02
6.200000e-07	-6.172159e-09	-2.820609e-09	-3.307727e+01	-7.211865e+02
6.300000e-07	-6.140833e-09	-2.820004e-09	-3.290939e+01	-7.201663e+02
6.400000e-07	-6.109170e-09	-2.819266e-09	-3.273970e+01	-7.191345e+02
6.500000e-07	-6.077224e-09	-2.811317e-09	-3.256850e+01	-7.180891e+02
6.600000e-07	-6.044948e-09	-2.807725e-09	-3.239553e+01	-7.170272e+02
6.700000e-07	-6.012185e-09	-2.807246e-09	-3.221995e+01	-7.159457e+02
6.800000e-07	-5.978761e-09	-2.801278e-09	-3.204083e+01	-7.148417e+02
6.900000e-07	-5.944629e-09	-2.794699e-09	-3.185791e+01	-7.137123e+02
7.000000e-07	-5.909845e-09	-2.790541e-09	-3.167150e+01	-7.125555e+02
7.100000e-07	-5.874540e-09	-2.786029e-09	-3.148230e+01	-7.113698e+02
7.200000e-07	-5.838874e-09	-2.782519e-09	-3.129116e+01	-7.101548e+02
7.300000e-07	-5.802946e-09	-2.779953e-09	-3.109862e+01	-7.089105e+02
7.400000e-07	-5.766742e-09	-2.774794e-09	-3.090460e+01	-7.076382e+02
7.500000e-07	-5.730194e-09	-2.768386e-09	-3.070873e+01	-7.063394e+02
7.600000e-07	-5.693235e-09	-2.763795e-09	-3.051066e+01	-7.050161e+02
7.700000e-07	-5.655842e-09	-2.759618e-09	-3.031027e+01	-7.036704e+02
7.800000e-07	-5.618020e-09	-2.753840e-09	-3.010758e+01	-7.023045e+02
7.900000e-07	-5.579780e-09	-2.748190e-09	-2.990265e+01	-7.009201e+02
8.000000e-07	-5.541121e-09	-2.744201e-09	-2.969547e+01	-6.995182e+02
8.100000e-07	-5.502043e-09	-2.740248e-09	-2.948605e+01	-6.980994e+02
8.200000e-07	-5.462599e-09	-2.734950e-09	-2.927466e+01	-6.966631e+02
8.300000e-07	-5.422870e-09	-2.729012e-09	-2.906175e+01	-6.952082e+02
8.400000e-07	-5.382911e-09	-2.722445e-09	-2.884760e+01	-6.937327e+02
8.500000e-07	-5.342702e-09	-2.715429e-09	-2.863212e+01	-6.922340e+02
8.600000e-07	-5.302139e-09	-2.709835e-09	-2.841474e+01	-6.907091e+02
8.700000e-07	-5.261084e-09	-2.705221e-09	-2.819472e+01	-6.891548e+02
8.800000e-07	-5.219434e-09	-2.699559e-09	-2.797152e+01	-6.875679e+02
8.900000e-07	-5.177188e-09	-2.693188e-09	-2.774512e+01	-6.859455e+02
9.000000e-07	-5.134431e-09	-2.687265e-09	-2.751597e+01	-6.842851e+02
9.100000e-07	-5.091232e-09	-2.680542e-09	-2.728447e+01	-6.825849e+02
9.200000e-07	-5.047645e-09	-2.672747e-09	-2.705088e+01	-6.808439e+02
9.300000e-07	-5.003742e-09	-2.665697e-09	-2.681560e+01	-6.790617e+02
9.400000e-07	-4.959574e-09	-2.659558e-09	-2.657890e+01	-6.772388e+02
9.500000e-07	-4.915135e-09	-2.652759e-09	-2.634074e+01	-6.753761e+02
9.600000e-07	-4.870364e-09	-2.645543e-09	-2.610081e+01	-6.734752e+02
9.700000e-07	-4.825223e-09	-2.638528e-09	-2.585890e+01	-6.715378e+02
9.800000e-07	-4.779722e-09	-2.631318e-09	-2.561505e+01	-6.695656e+02
9.900000e-07	-4.733887e-09	-2.623457e-09	-2.536941e+01	-6.675603e+02
1.000000e-06	-4.687753e-09	-2.615249e-09	-2.512218e+01	-6.655231e+02
1.010000e-06	-4.641323e-09	-2.606851e-09	-2.487335e+01	-6.634548e+02
1.020000e-06	-4.594556e-09	-2.598539e-09	-2.462272e+01	-6.613556e+02
1.030000e-06	-4.547432e-09	-2.590626e-09	-2.437018e+01	-6.592250e+02
1.040000e-06	-4.499993e-09	-2.582880e-09	-2.411595e+01	-6.570622e+02
1.050000e-06	-4.452298e-09	-2.574611e-09	-2.386035e+01	-6.548656e+02
1.060000e-06	-4.404350e-09	-2.565611e-09	-2.360339e+01	-6.526335e+02
1.070000e-06	-4.356123e-09	-2.556482e-09	-2.334493e+01	-6.503641e+02
1.080000e-06	-4.307573e-09	-2.547187e-09	-2.308475e+01	-6.480554e+02
1.090000e-06	-4.258635e-09	-2.537509e-09	-2.282249e+01	-6.457058e+02
1.100000e-06	-4.209248e-09	-2.527974e-09	-2.255782e+01	-6.433141e+02
1.110000e-06	-4.159372e-09	-2.518880e-09	-2.229053e+01	-6.408796e+02
1.120000e-06	-4.109017e-09	-2.509699e-09	-2.202067e+01	-6.384022e+02
1.130000e-06	-4.058224e-09	-2.499748e-09	-2.174847e+01	-6.358822e+02
1.140000e-06	-4.007044e-09	-2.489073e-09	-2.147419e+01	-6.333208e+02
1.150000e-06	-3.955545e-09	-2.478627e-09	-2.119820e+01	-6.307193e+02
1.160000e-06	-3.903765e-09	-2.468819e-09	-2.092071e+01	-6.280792e+02
1.170000e-06	-3.851712e-09	-2.458826e-09	-2.064175e+01	-6.254024e+02
1.180000e-06	-3.799381e-09	-2.448091e-09	-2.036130e+01	-6.226904e+02
1.190000e-06	-3.746764e-09	-2.437255e-09	-2.007932e+01	-6.199444e+02
1.200000e-06	-3.693832e-09	-2.426541e-09	-1.979565e+01	-6.171651e+02
1.210000e-06	-3.640595e-09	-2.415758e-09	-1.951035e+01	-6.143526e+02
1.220000e-06	-3.587099e-09	-2.404738e-09	-1.922366e+01	-6.115063e+02
1.230000e-06	-3.533364e-09	-2.392924e-09	-1.893569e+01	-6.086249e+02
1.240000e-06	-3.479406e-09	-2.380535e-09	-1.864652e+01	-6.057063e+02
1.250000e-06	-3.425228e-09	-2.368696e-09	-1.835618e+01	-6.027481e+02
1.260000e-06	-3.370827e-09	-2.357421e-09	-1.806463e+01	-5.997471e+02
1.270000e-06	-3.316201e-09	-2.345863e-09	-1.777189e+01	-5.967003e+02
1.280000e-06	-3.261341e-09	-2.333453e-09	-1.747789e+01	-5.936045e+02
1.290000e-06	-3.206246e-09	-2.320390e-09	-1.718263e+01	-5.904564e+02
1.300000e-06	-3.150927e-09	-2.307510e-09	-1.688617e+01	-5.872534e+02
1.310000e-06	-3.095405e-09	-2.294998e-09	-1.658862e+01	-5.839931e+02
1.320000e-06	-3.039714e-09	-2.281877e-09	-1.629017e+01	-5.806736e+02
1.330000e-06	-2.983879e-09	-2.267933e-09	-1.599094e+01	-5.772933e+02
1.340000e-06	-2.927910e-09	-2.254208e-09	-1.569099e+01	-5.738512e+02
1.350000e-06	-2.871807e-09	-2.241111e-09	-1.539033e+01	-5.703466e+02
1.360000e-06	-2.815564e-09	-2.228084e-09	-1.508891e+01	-5.667786e+02
1.370000e-06	-2.759165e-09	-2.214449e-09	-1.478667e+01	-5.631467e+02
1.380000e-06	-2.702583e-09	-2.199504e-09	-1.448344e+01	-5.594498e+02
1.390000e-06	-2.645792e-09	-2.183677e-09	-1.417909e+01	-5.556866e+02
1.400000e-06	-2.588766e-09	-2.168615e-09	-1.387348e+01	-5.518550e+02
1.410000e-06	-2.531476e-09	-2.154420e-09	-1.356646e+01	-5.479526e+02
1.420000e-06	-2.473905e-09	-2.139498e-09	-1.325793e+01	-5.439761e+02
1.430000e-06	-2.416041e-09	-2.123373e-09	-1.294783e+01	-5.399218e+02
1.440000e-06	-2.357878e-09	-2.106881e-09	-1.263614e+01	-5.357854e+02
1.450000e-06	-2.299416e-09	-2.090500e-09	-1.232283e+01	-5.315624e+02
1.460000e-06	-2.240667e-09	-2.073963e-09	-1.200799e+01	-5.272480e+02
1.470000e-06	-2.181662e-09	-2.056605e-09	-1.169178e+01	-5.228377e+02
1.480000e-06	-2.122430e-09	-2.038139e-09	-1.137435e+01	-5.183273e+02
1.490000e-06	-2.063013e-09	-2.019463e-09	-1.105593e+01	-5.137131e+02
1.500000e-06	-2.003449e-09	-2.001592e-09	-1.073672e+01	-5.089921e+02
1.510000e-06	-1.943766e-09	-1.983781e-09	-1.041687e+01	-5.041622e+02
1.520000e-06	-1.883994e-09	-1.964824e-09	-1.009654e+01	-4.992220e+02
1.530000e-06	-1.824151e-09	-1.944560e-09	-9.775835e+00	-4.941709e+02
1.540000e-06	-1.764242e-09	-1.923801e-09	-9.454776e+00	-4.890089e+02
1.550000e-06	-1.704264e-09	-1.903379e-09	-9.133346e+00	-4.837363e+02
1.560000e-06	-1.644217e-09	-1.882834e-09	-8.811547e+00	-4.783536e+02
1.570000e-06	-1.584104e-09	-1.861018e-09	-8.489392e+00	-4.728611e+02
1.580000e-06	-1.523917e-09	-1.838103e-09	-8.166845e+00	-4.672586e+02
1.590000e-06	-1.463649e-09	-1.815200e-09	-7.843860e+00	-4.615451e+02
1.600000e-06	-1.403291e-09	-1.792450e-09	-7.520395e+00	-4.557186e+02
1.610000e-06	-1.342841e-09	-1.768847e-09	-7.196436e+00	-4.497760e+02
1.620000e-06	-1.282298e-09	-1.743728e-09	-6.871980e+00	-4.437126e+02
1.630000e-06	-1.221661e-09	-1.717975e-09	-6.547020e+00	-4.375227e+02
1.640000e-06	-1.160939e-09	-1.692772e-09	-6.221603e+00	-4.311991e+02
1.650000e-06	-1.100143e-09	-1.667930e-09	-5.895790e+00	-4.247338e+02
1.660000e-06	-1.039287e-09	-1.642126e-09	-5.569658e+00	-4.181178e+02
1.670000e-06	-9.783745e-10	-1.614789e-09	-5.243222e+00	-4.113415e+02
1.680000e-06	-9.174022e-10	-1.586721e-09	-4.916465e+00	-4.043952e+02
1.690000e-06	-8.563724e-10	-1.558835e-09	-4.589400e+00	-3.972693e+02
1.700000e-06	-7.952835e-10	-1.530720e-09	-4.262019e+00	-3.899546e+02
1.710000e-06	-7.341343e-10	-1.501351e-09	-3.934314e+00	-3.824424e+02
1.720000e-06	-6.729186e-10	-1.470578e-09	-3.606252e+00	-3.747251e+02
1.730000e-06	-6.116404e-10	-1.438884e-09	-3.277856e+00	-3.667959e+02
1.740000e-06	-5.503040e-10	-1.406994e-09	-2.949148e+00	-3.586492e+02
1.750000e-06	-4.889140e-10	-1.374703e-09	-2.620152e+00	-3.502803e+02
1.760000e-06	-4.274758e-10	-1.340877e-09	-2.290898e+00	-3.416857e+02
1.770000e-06	-3.659999e-10	-1.305408e-09	-1.961442e+00	-3.328627e+02
1.780000e-06	-3.044954e-10	-1.269254e-09	-1.631832e+00	-3.238094e+02
1.790000e-06	-2.429733e-10	-1.232757e-09	-1.302129e+00	-3.145245e+02
1.800000e-06	-1.814536e-10	-1.195102e-09	-9.724377e-01	-3.050073e+02
1.810000e-06	-1.199416e-10	-1.155789e-09	-6.427882e-01	-2.952578e+02
1.820000e-06	-5.843769e-11	-1.115414e-09	-3.131820e-01	-2.852762e+02
1.830000e-06	3.066335e-12	-1.074883e-09	1.642482e-02	-2.750634e+02
1.840000e-06	6.456979e-11	-1.034228e-09	3.460286e-01	-2.646211e+02
1.850000e-06	1.260680e-10	-9.928083e-10	6.756040e-01	-2.539515e+02
1.860000e-06	1.875619e-10	-9.501370e-10	1.005157e+00	-2.430580e+02
1.870000e-06	2.490524e-10	-9.064376e-10	1.334691e+00	-2.319449e+02
1.880000e-06	3.105387e-10	-8.619242e-10	1.664203e+00	-2.206179e+02
1.890000e-06	3.720094e-10	-8.163226e-10	1.993631e+00	-2.090843e+02
1.900000e-06	4.334532e-10	-7.696173e-10	2.322915e+00	-1.973525e+02
1.910000e-06	4.948631e-10	-7.219977e-10	2.652017e+00	-1.854326e+02
1.920000e-06	5.562326e-10	-6.738454e-10	2.980903e+00	-1.733359e+02
1.930000e-06	6.175491e-10	-6.254084e-10	3.309505e+00	-1.610749e+02
1.940000e-06	6.788005e-10	-5.767076e-10	3.637758e+00	-1.486630e+02
1.950000e-06	7.399858e-10	-5.274964e-10	3.965656e+00	-1.361142e+02
1.960000e-06	8.010946e-10	-4.775309e-10	4.293145e+00	-1.234423e+02
1.970000e-06	8.621273e-10	-4.269800e-10	4.620226e+00	-1.106612e+02
1.980000e-06	9.230976e-10	-3.759790e-10	4.946971e+00	-9.778391e+01
1.990000e-06	9.840079e-10	-3.244586e-10	5.273396e+00	-8.482246e+01
2.000000e-06	1.044856e-09	-2.728451e-10	5.599487e+00	-7.178759e+01
2.010000e-06	1.105635e-09	-2.214467e-10	5.925208e+00	-5.868857e+01
2.020000e-06	1.166342e-09	-1.698384e-10	6.250545e+00	-4.553312e+01
2.030000e-06	1.226969e-09	-1.178139e-10	6.575449e+00	-3.232753e+01
2.040000e-06	1.287510e-09	-6.556926e-11	6.899896e+00	-1.907680e+01
2.050000e-06	1.347968e-09	-1.325873e-11	7.223896e+00	-5.784983e+00
2.060000e-06	1.408341e-09	3.900921e-11	7.547445e+00	7.544419e+00
2.070000e-06	1.468629e-09	9.142402e-11	7.870536e+00	2.090802e+01
2.080000e-06	1.528829e-09	1.443666e-10	8.193152e+00	3.430205e+01
2.090000e-06	1.588946e-09	1.974757e-10	8.515326e+00	4.772190e+01
2.100000e-06	1.648989e-09	2.502192e-10	8.837106e+00	6.116169e+01
2.110000e-06	1.708964e-09	3.029020e-10	9.158517e+00	7.461398e+01
2.120000e-06	1.768872e-09	3.560400e-10	9.479572e+00	8.806952e+01
2.130000e-06	1.828711e-09	4.095651e-10	9.800256e+00	1.015172e+02
2.140000e-06	1.888479e-09	4.629663e-10	1.012056e+01	1.149441e+02
2.150000e-06	1.948166e-09	5.157497e-10	1.044043e+01	1.283357e+02
2.160000e-06	2.007749e-09	5.678880e-10	1.075974e+01	1.416763e+02
2.170000e-06	2.067214e-09	6.197673e-10	1.107843e+01	1.549493e+02
2.180000e-06	2.126523e-09	6.713847e-10	1.139627e+01	1.681379e+02
2.190000e-06	2.185637e-09	7.223934e-10	1.171307e+01	1.812256e+02
2.200000e-06	2.244538e-09	7.727057e-10	1.202872e+01	1.941968e+02
2.210000e-06	2.303180e-09	8.225767e-10	1.234299e+01	2.070370e+02
2.220000e-06	2.361532e-09	8.723349e-10	1.265570e+01	2.197337e+02
2.230000e-06	2.419581e-09	9.216642e-10	1.296679e+01	2.322766e+02
2.240000e-06	2.477316e-09	9.699960e-10	1.327620e+01	2.446575e+02
2.250000e-06	2.534744e-09	1.017456e-09	1.358396e+01	2.568705e+02
2.260000e-06	2.591885e-09	1.064399e-09	1.389018e+01	2.689123e+02
2.270000e-06	2.648773e-09	1.110961e-09	1.419505e+01	2.807812e+02
2.280000e-06	2.705433e-09	1.157057e-09	1.449870e+01	2.924774e+02
2.290000e-06	2.761880e-09	1.202668e-09	1.480120e+01	3.040024e+02
2.300000e-06	2.818144e-09	1.247804e-09	1.510273e+01	3.153583e+02
2.310000e-06	2.874251e-09	1.291859e-09	1.540341e+01	3.265473e+02
2.320000e-06	2.930217e-09	1.334738e-09	1.570334e+01	3.375716e+02
2.330000e-06	2.986050e-09	1.377110e-09	1.600255e+01	3.484324e+02
2.340000e-06	3.041737e-09	1.419138e-09	1.630099e+01	3.591300e+02
2.350000e-06	3.097252e-09	1.460496e-09	1.659850e+01	3.696631e+02
2.360000e-06	3.152571e-09	1.501260e-09	1.689496e+01	3.800291e+02
2.370000e-06	3.207676e-09	1.541334e-09	1.719028e+01	3.902235e+02
2.380000e-06	3.262550e-09	1.580471e-09	1.748435e+01	4.002407e+02
2.390000e-06	3.317190e-09	1.618795e-09	1.777717e+01	4.100736e+02
2.400000e-06	3.371610e-09	1.656373e-09	1.806882e+01	4.197140e+02
2.410000e-06	3.425823e-09	1.693378e-09	1.835935e+01	4.291534e+02
2.420000e-06	3.479826e-09	1.729791e-09	1.864876e+01	4.383828e+02
2.430000e-06	3.533604e-09	1.765473e-09	1.893696e+01	4.473934e+02
2.440000e-06	3.587133e-09	1.800604e-09	1.922383e+01	4.561772e+02
2.450000e-06	3.640392e-09	1.834882e-09	1.950925e+01	4.647271e+02
2.460000e-06	3.693360e-09	1.867662e-09	1.979311e+01	4.730372e+02
2.470000e-06	3.746021e-09	1.898916e-09	2.007533e+01	4.811034e+02
2.480000e-06	3.798389e-09	1.928875e-09	2.035597e+01	4.889231e+02
2.490000e-06	3.850477e-09	1.958535e-09	2.063512e+01	4.964957e+02
2.500000e-06	3.902276e-09	1.988228e-09	2.091272e+01	5.038223e+02
2.510000e-06	3.953759e-09	2.016624e-09	2.118862e+01	5.109056e+02
2.520000e-06	4.004885e-09	2.042846e-09	2.146261e+01	5.177502e+02
2.530000e-06	4.055608e-09	2.067908e-09	2.173444e+01	5.243616e+02
2.540000e-06	4.105874e-09	2.092790e-09	2.200381e+01	5.307468e+02
2.550000e-06	4.155656e-09	2.116940e-09	2.227060e+01	5.369133e+02
2.560000e-06	4.204964e-09	2.140150e-09	2.253484e+01	5.428692e+02
2.570000e-06	4.253837e-09	2.162957e-09	2.279676e+01	5.486229e+02
2.580000e-06	4.302341e-09	2.185507e-09	2.305670e+01	5.541827e+02
2.590000e-06	4.350558e-09	2.207454e-09	2.331510e+01	5.595567e+02
2.600000e-06	4.398542e-09	2.228518e-09	2.357225e+01	5.647526e+02
2.610000e-06	4.446301e-09	2.248372e-09	2.382820e+01	5.697776e+02
2.620000e-06	4.493803e-09	2.266982e-09	2.408277e+01	5.746382e+02
2.630000e-06	4.541001e-09	2.284784e-09	2.433570e+01	5.793403e+02
2.640000e-06	4.587859e-09	2.302342e-09	2.458682e+01	5.838893e+02
2.650000e-06	4.634365e-09	2.319691e-09	2.483605e+01	5.882899e+02
2.660000e-06	4.680534e-09	2.336211e-09	2.508348e+01	5.925466e+02
2.670000e-06	4.726397e-09	2.351876e-09	2.532927e+01	5.966636e+02
2.680000e-06	4.771962e-09	2.367507e-09	2.557345e+01	6.006447e+02
2.690000e-06	4.817212e-09	2.382805e-09	2.581595e+01	6.044940e+02
2.700000e-06	4.862132e-09	2.396481e-09	2.605668e+01	6.082156e+02
2.710000e-06	4.906721e-09	2.409138e-09	2.629564e+01	6.118139e+02
2.720000e-06	4.951020e-09	2.422484e-09	2.653305e+01	6.152935e+02
2.730000e-06	4.995083e-09	2.436462e-09	2.676918e+01	6.186594e+02
2.740000e-06	5.038937e-09	2.449604e-09	2.700420e+01	6.219172e+02
2.750000e-06	5.082553e-09	2.461773e-09	2.723795e+01	6.250724e+02
2.760000e-06	5.125824e-09	2.473733e-09	2.746984e+01	6.281312e+02
2.770000e-06	5.168606e-09	2.485510e-09	2.769911e+01	6.310997e+02
2.780000e-06	5.210783e-09	2.496854e-09	2.792514e+01	6.339840e+02
2.790000e-06	5.252319e-09	2.507784e-09	2.814774e+01	6.367903e+02
2.800000e-06	5.293273e-09	2.518188e-09	2.836722e+01	6.395244e+02
2.810000e-06	5.333767e-09	2.528211e-09	2.858422e+01	6.421915e+02
2.820000e-06	5.373939e-09	2.538747e-09	2.879951e+01	6.447966e+02
2.830000e-06	5.413870e-09	2.549675e-09	2.901351e+01	6.473438e+02
2.840000e-06	5.453559e-09	2.559694e-09	2.922620e+01	6.498366e+02
2.850000e-06	5.492941e-09	2.568722e-09	2.943726e+01	6.522779e+02
2.860000e-06	5.531944e-09	2.578194e-09	2.964628e+01	6.546696e+02
2.870000e-06	5.570527e-09	2.588245e-09	2.985305e+01	6.570132e+02
2.880000e-06	5.608686e-09	2.598155e-09	3.005755e+01	6.593097e+02
2.890000e-06	5.646429e-09	2.607466e-09	3.025982e+01	6.615596e+02
2.900000e-06	5.683756e-09	2.615985e-09	3.045986e+01	6.637631e+02
2.910000e-06	5.720671e-09	2.624065e-09	3.065769e+01	6.659205e+02
2.920000e-06	5.757202e-09	2.631891e-09	3.085346e+01	6.680321e+02
2.930000e-06	5.793419e-09	2.639507e-09	3.104755e+01	6.700983e+02
2.940000e-06	5.829389e-09	2.647266e-09	3.124032e+01	6.721199e+02
2.950000e-06	5.865107e-09	2.655746e-09	3.143174e+01	6.740979e+02
2.960000e-06	5.900481e-09	2.664525e-09	3.162131e+01	6.760339e+02
2.970000e-06	5.935362e-09	2.672856e-09	3.180824e+01	6.779296e+02
2.980000e-06	5.969602e-09	2.680309e-09	3.199174e+01	6.797871e+02
2.990000e-06	6.003128e-09	2.686922e-09	3.217141e+01	6.816088e+02
3.000000e-06	6.036002e-09	2.693225e-09	3.234758e+01	6.833968e+02
3.010000e-06	6.068379e-09	2.699910e-09	3.252109e+01	6.851536e+02
3.020000e-06	6.100415e-09	2.707292e-09	3.269278e+01	6.868811e+02
3.030000e-06	6.132168e-09	2.715053e-09	3.286294e+01	6.885810e+02
3.040000e-06	6.163579e-09	2.722502e-09	3.303128e+01	6.902545e+02
3.050000e-06	6.194562e-09	2.729165e-09	3.319732e+01	6.919025e+02
3.060000e-06	6.225087e-09	2.735355e-09	3.336091e+01	6.935252e+02
3.070000e-06	6.255170e-09	2.741106e-09	3.352213e+01	6.951224e+02
3.080000e-06	6.284827e-09	2.746249e-09	3.368106e+01	6.966935e+02
3.090000e-06	6.314059e-09	2.751568e-09	3.383772e+01	6.982375e+02
3.100000e-06	6.342868e-09	2.758234e-09	3.399211e+01	6.997533e+02
3.110000e-06	6.371296e-09	2.765798e-09	3.414446e+01	7.012398e+02
3.120000e-06	6.399415e-09	2.772525e-09	3.429515e+01	7.026957e+02
3.130000e-06	6.427252e-09	2.777771e-09	3.444433e+01	7.041204e+02
3.140000e-06	6.454735e-09	2.782539e-09	3.459162e+01	7.055132e+02
3.150000e-06	6.481684e-09	2.787517e-09	3.473604e+01	7.068739e+02
3.160000e-06	6.507913e-09	2.792534e-09	3.487660e+01	7.082027e+02
3.170000e-06	6.533357e-09	2.797476e-09	3.501296e+01	7.095003e+02
3.180000e-06	6.558110e-09	2.802553e-09	3.514561e+01	7.107675e+02
3.190000e-06	6.582357e-09	2.808069e-09	3.527556e+01	7.120055e+02
3.200000e-06	6.606225e-09	2.813896e-09	3.540347e+01	7.132154e+02
3.210000e-06	6.629702e-09	2.819356e-09	3.552928e+01	7.143986e+02
3.220000e-06	6.652731e-09	2.823940e-09	3.565270e+01	7.155561e+02
3.230000e-06	6.675291e-09	2.827921e-09	3.577360e+01	7.166886e+02
3.240000e-06	6.697403e-09	2.832209e-09	3.589210e+01	7.177967e+02
3.250000e-06	6.719073e-09	2.837371e-09	3.600823e+01	7.188803e+02
3.260000e-06	6.740268e-09	2.842367e-09	3.612182e+01	7.199392e+02
3.270000e-06	6.760983e-09	2.846058e-09	3.623284e+01	7.209726e+02
3.280000e-06	6.781292e-09	2.849175e-09	3.634167e+01	7.219797e+02
3.290000e-06	6.801280e-09	2.852940e-09	3.644879e+01	7.229594e+02
3.300000e-06	6.820951e-09	2.857316e-09	3.655421e+01	7.239105e+02
3.310000e-06	6.840191e-09	2.861433e-09	3.665732e+01	7.248322e+02
3.320000e-06	6.858887e-09	2.864718e-09	3.675751e+01	7.257237e+02
3.330000e-06	6.877008e-09	2.867553e-09	3.685462e+01	7.265847e+02
3.340000e-06	6.894604e-09	2.870531e-09	3.694892e+01	7.274155e+02
3.350000e-06	6.911770e-09	2.873776e-09	3.704092e+01	7.282166e+02
3.360000e-06	6.928545e-09	2.877140e-09	3.713082e+01	7.289894e+02
3.370000e-06	6.944840e-09	2.880338e-09	3.721814e+01	7.297352e+02
3.380000e-06	6.960527e-09	2.883465e-09	3.730221e+01	7.304561e+02
3.390000e-06	6.975557e-09	2.886496e-09	3.738276e+01	7.311541e+02
3.400000e-06	6.989985e-09	2.889216e-09	3.746008e+01	7.318312e+02
3.410000e-06	7.003890e-09	2.891500e-09	3.753460e+01	7.324894e+02
3.420000e-06	7.017281e-09	2.893458e-09	3.760636e+01	7.331302e+02
3.430000e-06	7.030139e-09	2.895511e-09	3.767527e+01	7.337546e+02
3.440000e-06	7.042496e-09	2.897900e-09	3.774149e+01	7.343632e+02
3.450000e-06	7.054391e-09	2.900440e-09	3.780524e+01	7.349559e+02
3.460000e-06	7.065765e-09	2.902931e-09	3.786619e+01	7.355320e+02
3.470000e-06	7.076457e-09	2.905067e-09	3.792349e+01	7.360904e+02
3.480000e-06	7.086339e-09	2.906970e-09	3.797645e+01	7.366294e+02
3.490000e-06	7.095437e-09	2.908961e-09	3.802521e+01	7.371472e+02
3.500000e-06	7.103928e-09	2.910720e-09	3.807072e+01	7.376421e+02
3.510000e-06	7.112012e-09	2.911709e-09	3.811404e+01	7.381124e+02
3.520000e-06	7.119753e-09	2.912278e-09	3.815552e+01	7.385567e+02
3.530000e-06	7.127079e-09	2.913624e-09	3.819478e+01	7.389742e+02
3.540000e-06	7.133893e-09	2.915922e-09	3.823130e+01	7.393646e+02
3.550000e-06	7.140186e-09	2.918187e-09	3.826502e+01	7.397285e+02
3.560000e-06	7.145974e-09	2.919592e-09	3.829605e+01	7.400668e+02
3.570000e-06	7.151237e-09	2.920373e-09	3.832425e+01	7.403812e+02
3.580000e-06	7.155984e-09	2.920867e-09	3.834969e+01	7.406736e+02
3.590000e-06	7.160305e-09	2.921152e-09	3.837284e+01	7.409464e+02
3.600000e-06	7.164296e-09	2.921385e-09	3.839423e+01	7.412018e+02
3.610000e-06	7.167938e-09	2.921587e-09	3.841375e+01	7.414419e+02
3.620000e-06	7.171077e-09	2.922296e-09	3.843057e+01	7.416683e+02
3.630000e-06	7.173529e-09	2.924086e-09	3.844371e+01	7.418822e+02
3.640000e-06	7.175195e-09	2.926055e-09	3.845264e+01	7.420839e+02
3.650000e-06	7.176138e-09	2.926796e-09	3.845769e+01	7.422731e+02
3.660000e-06	7.176529e-09	2.926228e-09	3.845979e+01	7.424486e+02
3.670000e-06	7.176528e-09	2.925201e-09	3.845978e+01	7.426088e+02
3.680000e-06	7.176151e-09	2.924734e-09	3.845776e+01	7.427515e+02
3.690000e-06	7.175321e-09	2.925492e-09	3.845332e+01	7.428742e+02
3.700000e-06	7.173994e-09	2.926554e-09	3.844621e+01	7.429746e+02
3.710000e-06	7.172196e-09	2.926702e-09	3.843657e+01	7.430505e+02
3.720000e-06	7.169956e-09	2.926633e-09	3.842457e+01	7.431002e+02
3.730000e-06	7.167252e-09	2.925637e-09	3.841007e+01	7.431229e+02
3.740000e-06	7.164065e-09	2.923581e-09	3.839299e+01	7.431186e+02
3.750000e-06	7.160418e-09	2.929555e-09	3.837345e+01	7.430885e+02
3.760000e-06	7.156193e-09	2.944371e-09	3.835081e+01	7.430346e+02
3.770000e-06	7.151054e-09	2.934686e-09	3.832327e+01	7.429599e+02
3.780000e-06	7.144961e-09	2.900033e-09	3.829061e+01	7.428681e+02
3.790000e-06	7.138456e-09	2.908320e-09	3.825575e+01	7.427636e+02
3.800000e-06	7.131902e-09	2.953203e-09	3.822063e+01	7.426507e+02
3.810000e-06	7.124985e-09	2.942447e-09	3.818356e+01	7.425340e+02
3.820000e-06	7.117385e-09	2.891654e-09	3.814283e+01	7.424174e+02
3.830000e-06	7.109286e-09	2.899886e-09	3.809943e+01	7.423041e+02
3.840000e-06	7.100946e-09	2.948398e-09	3.805473e+01	7.421964e+02
3.850000e-06	7.092196e-09	2.935184e-09	3.800784e+01	7.420954e+02
3.860000e-06	7.082760e-09	2.883522e-09	3.795727e+01	7.420012e+02
3.870000e-06	7.072759e-09	2.898095e-09	3.790368e+01	7.419126e+02
3.880000e-06	7.062428e-09	2.945020e-09	3.784832e+01	7.418271e+02
3.890000e-06	7.051652e-09	2.920253e-09	3.779056e+01	7.417416e+02
3.900000e-06	7.040228e-09	2.871790e-09	3.772934e+01	7.416524e+02
3.910000e-06	7.028233e-09	2.904336e-09	3.766506e+01	7.415553e+02
3.920000e-06	7.015672e-09	2.950853e-09	3.759774e+01	7.414466e+02
3.930000e-06	7.002262e-09	2.910299e-09	3.752588e+01	7.413224e+02
3.940000e-06	6.987915e-09	2.866584e-09	3.744899e+01	7.411800e+02
3.950000e-06	6.972917e-09	2.906171e-09	3.736861e+01	7.410172e+02
3.960000e-06	6.957483e-09	2.931713e-09	3.728590e+01	7.408332e+02
3.970000e-06	6.941613e-09	2.894004e-09	3.720085e+01	7.406278e+02
3.980000e-06	6.925353e-09	2.896507e-09	3.711371e+01	7.404023e+02
3.990000e-06	6.908737e-09	2.934193e-09	3.702467e+01	7.401584e+02
4.000000e-06	6.891642e-09	2.904676e-09	3.693306e+01	7.398987e+02
4.010000e-06	6.873989e-09	2.861668e-09	3.683845e+01	7.396259e+02
4.020000e-06	6.855845e-09	2.896987e-09	3.674122e+01	7.393426e+02
4.030000e-06	6.837238e-09	2.923985e-09	3.664150e+01	7.390512e+02
4.040000e-06	6.818136e-09	2.887725e-09	3.653913e+01	7.387532e+02
4.050000e-06	6.798599e-09	2.890306e-09	3.643443e+01	7.384491e+02
4.060000e-06	6.778703e-09	2.927675e-09	3.632780e+01	7.381384e+02
4.070000e-06	6.758433e-09	2.899962e-09	3.621917e+01	7.378191e+02
4.080000e-06	6.737697e-09	2.864296e-09	3.610805e+01	7.374882e+02
4.090000e-06	6.716346e-09	2.894881e-09	3.599363e+01	7.371416e+02
4.100000e-06	6.694241e-09	2.902800e-09	3.587516e+01	7.367741e+02
4.110000e-06	6.671386e-09	2.868296e-09	3.575268e+01	7.363803e+02
4.120000e-06	6.647963e-09	2.886253e-09	3.562715e+01	7.359543e+02
4.130000e-06	6.624145e-09	2.913266e-09	3.549951e+01	7.354906e+02
4.140000e-06	6.600010e-09	2.882407e-09	3.537017e+01	7.349843e+02
4.150000e-06	6.575529e-09	2.875772e-09	3.523897e+01	7.344313e+02
4.160000e-06	6.550591e-09	2.905440e-09	3.510533e+01	7.338289e+02
4.170000e-06	6.525133e-09	2.887557e-09	3.496890e+01	7.331758e+02
4.180000e-06	6.499206e-09	2.864714e-09	3.482995e+01	7.324721e+02
4.190000e-06	6.472819e-09	2.883898e-09	3.468854e+01	7.317194e+02
4.200000e-06	6.445923e-09	2.880730e-09	3.454440e+01	7.309207e+02
4.210000e-06	6.418547e-09	2.859770e-09	3.439769e+01	7.300802e+02
4.220000e-06	6.390797e-09	2.870140e-09	3.424897e+01	7.292026e+02
4.230000e-06	6.362753e-09	2.872932e-09	3.409868e+01	7.282933e+02
4.240000e-06	6.334398e-09	2.852939e-09	3.394672e+01	7.273578e+02
4.250000e-06	6.305590e-09	2.852134e-09	3.379234e+01	7.264011e+02
4.260000e-06	6.276155e-09	2.856969e-09	3.363459e+01	7.254276e+02
4.270000e-06	6.246009e-09	2.846375e-09	3.347304e+01	7.244408e+02
4.280000e-06	6.215181e-09	2.841907e-09	3.330783e+01	7.234430e+02
4.290000e-06	6.183798e-09	2.841264e-09	3.313965e+01	7.224353e+02
4.300000e-06	6.152013e-09	2.832838e-09	3.296930e+01	7.214178e+02
4.310000e-06	6.119878e-09	2.829180e-09	3.279709e+01	7.203893e+02
4.320000e-06	6.087359e-09	2.827603e-09	3.262282e+01	7.193476e+02
4.330000e-06	6.054424e-09	2.820444e-09	3.244632e+01	7.182902e+02
4.340000e-06	6.021062e-09	2.815991e-09	3.226752e+01	7.172140e+02
4.350000e-06	5.987289e-09	2.813164e-09	3.208653e+01	7.161160e+02
4.360000e-06	5.953122e-09	2.807942e-09	3.190343e+01	7.149932e+02
4.370000e-06	5.918534e-09	2.804755e-09	3.171806e+01	7.138435e+02
4.380000e-06	5.883510e-09	2.799327e-09	3.153037e+01	7.126652e+02
4.390000e-06	5.848100e-09	2.790497e-09	3.134060e+01	7.114576e+02
4.400000e-06	5.812392e-09	2.786186e-09	3.114924e+01	7.102207e+02
4.410000e-06	5.776437e-09	2.783855e-09	3.095655e+01	7.089554e+02
4.420000e-06	5.740210e-09	2.778147e-09	3.076240e+01	7.076631e+02
4.430000e-06	5.703587e-09	2.772628e-09	3.056614e+01	7.063458e+02
4.440000e-06	5.666412e-09	2.767957e-09	3.036691e+01	7.050057e+02
4.450000e-06	5.628575e-09	2.762044e-09	3.016415e+01	7.036448e+02
4.460000e-06	5.590065e-09	2.755731e-09	2.995777e+01	7.022650e+02
4.470000e-06	5.550964e-09	2.749160e-09	2.974822e+01	7.008675e+02
4.480000e-06	5.511414e-09	2.742516e-09	2.953627e+01	6.994530e+02
4.490000e-06	5.471546e-09	2.736621e-09	2.932261e+01	6.980213e+02
4.500000e-06	5.431404e-09	2.730967e-09	2.910748e+01	6.965713e+02
4.510000e-06	5.390963e-09	2.726048e-09	2.889076e+01	6.951013e+02
4.520000e-06	5.350177e-09	2.721456e-09	2.867218e+01	6.936087e+02
4.530000e-06	5.309017e-09	2.714658e-09	2.845160e+01	6.920908e+02
4.540000e-06	5.267499e-09	2.706787e-09	2.822910e+01	6.905442e+02
4.550000e-06	5.225653e-09	2.700626e-09	2.800484e+01	6.889658e+02
4.560000e-06	5.183467e-09	2.694772e-09	2.777876e+01	6.873525e+02
4.570000e-06	5.140903e-09	2.687686e-09	2.755065e+01	6.857018e+02
4.580000e-06	5.097942e-09	2.681336e-09	2.732042e+01	6.840117e+02
4.590000e-06	5.054617e-09	2.675762e-09	2.708824e+01	6.822810e+02
4.600000e-06	5.010985e-09	2.668563e-09	2.685441e+01	6.805092e+02
4.610000e-06	4.967098e-09	2.660284e-09	2.661921e+01	6.786964e+02
4.620000e-06	4.922983e-09	2.652803e-09	2.638280e+01	6.768436e+02
4.630000e-06	4.878612e-09	2.645091e-09	2.614500e+01	6.749522e+02
4.640000e-06	4.833902e-09	2.636480e-09	2.590540e+01	6.730238e+02
4.650000e-06	4.788784e-09	2.628256e-09	2.566361e+01	6.710602e+02
4.660000e-06	4.743250e-09	2.620715e-09	2.541959e+01	6.690631e+02
4.670000e-06	4.697354e-09	2.613039e-09	2.517362e+01	6.670339e+02
4.680000e-06	4.651157e-09	2.605355e-09	2.492605e+01	6.649734e+02
4.690000e-06	4.604694e-09	2.597479e-09	2.467705e+01	6.628820e+02
4.700000e-06	4.557953e-09	2.588735e-09	2.442656e+01	6.607594e+02
4.710000e-06	4.510917e-09	2.579305e-09	2.417449e+01	6.586048e+02
4.720000e-06	4.463563e-09	2.570163e-09	2.392071e+01	6.564169e+02
4.730000e-06	4.415835e-09	2.561722e-09	2.366494e+01	6.541939e+02
4.740000e-06	4.367692e-09	2.553011e-09	2.340693e+01	6.519340e+02
4.750000e-06	4.319111e-09	2.543552e-09	2.314658e+01	6.496353e+02
4.760000e-06	4.270114e-09	2.534149e-09	2.288400e+01	6.472961e+02
4.770000e-06	4.220749e-09	2.525405e-09	2.261945e+01	6.449151e+02
4.780000e-06	4.171055e-09	2.516642e-09	2.235313e+01	6.424914e+02
4.790000e-06	4.121060e-09	2.506781e-09	2.208520e+01	6.400247e+02
4.800000e-06	4.070765e-09	2.496107e-09	2.181567e+01	6.375153e+02
4.810000e-06	4.020159e-09	2.485910e-09	2.154446e+01	6.349642e+02
4.820000e-06	3.969248e-09	2.476203e-09	2.127163e+01	6.323726e+02
4.830000e-06	3.918044e-09	2.465812e-09	2.099722e+01	6.297421e+02
4.840000e-06	3.866555e-09	2.454555e-09	2.072129e+01	6.270743e+02
4.850000e-06	3.814792e-09	2.443006e-09	2.044388e+01	6.243711e+02
4.860000e-06	3.762759e-09	2.431605e-09	2.016503e+01	6.216335e+02
4.870000e-06	3.710443e-09	2.420862e-09	1.988466e+01	6.188626e+02
4.880000e-06	3.657811e-09	2.410718e-09	1.960260e+01	6.160585e+02
4.890000e-06	3.604824e-09	2.400140e-09	1.931865e+01	6.132208e+02
4.900000e-06	3.551447e-09	2.388890e-09	1.903259e+01	6.103483e+02
4.910000e-06	3.497662e-09	2.377506e-09	1.874435e+01	6.074393e+02
4.920000e-06	3.443474e-09	2.366040e-09	1.845395e+01	6.044912e+02
4.930000e-06	3.388896e-09	2.354097e-09	1.816147e+01	6.015013e+02
4.940000e-06	3.333966e-09	2.341160e-09	1.786709e+01	5.984662e+02
4.950000e-06	3.278740e-09	2.327741e-09	1.757113e+01	5.953829e+02
4.960000e-06	3.223267e-09	2.315215e-09	1.727384e+01	5.922482e+02
4.970000e-06	3.167599e-09	2.303819e-09	1.697551e+01	5.890591e+02
4.980000e-06	3.111764e-09	2.292029e-09	1.667628e+01	5.858133e+02
4.990000e-06	3.055769e-09	2.279010e-09	1.637620e+01	5.825086e+02
5.000000e-06	2.999613e-09	2.265297e-09	1.607525e+01	5.791436e+02
5.010000e-06	2.943291e-09	2.251520e-09	1.577342e+01	5.757170e+02
5.020000e-06	2.886792e-09	2.237731e-09	1.547063e+01	5.722279e+02
5.030000e-06	2.830102e-09	2.223744e-09	1.516683e+01	5.686758e+02
5.040000e-06	2.773225e-09	2.209329e-09	1.486202e+01	5.650599e+02
5.050000e-06	2.716160e-09	2.194552e-09	1.455620e+01	5.613792e+02
5.060000e-06	2.658908e-09	2.180011e-09	1.424938e+01	5.576326e+02
5.070000e-06	2.601475e-09	2.165661e-09	1.394159e+01	5.538183e+02
5.080000e-06	2.543856e-09	2.150566e-09	1.363280e+01	5.499337e+02
5.090000e-06	2.486062e-09	2.134209e-09	1.332308e+01	5.459760e+02
5.100000e-06	2.428101e-09	2.117353e-09	1.301246e+01	5.419414e+02
5.110000e-06	2.369968e-09	2.101086e-09	1.270092e+01	5.378259e+02
5.120000e-06	2.311658e-09	2.084939e-09	1.238843e+01	5.336248e+02
5.130000e-06	2.253165e-09	2.067711e-09	1.207496e+01	5.293336e+02
5.140000e-06	2.194484e-09	2.049704e-09	1.176048e+01	5.249475e+02
5.150000e-06	2.135621e-09	2.031619e-09	1.144503e+01	5.204623e+02
5.160000e-06	2.076587e-09	2.013599e-09	1.112866e+01	5.158742e+02
5.170000e-06	2.017397e-09	1.995542e-09	1.081145e+01	5.111799e+02
5.180000e-06	1.958083e-09	1.976877e-09	1.049358e+01	5.063773e+02
5.190000e-06	1.898660e-09	1.957263e-09	1.017512e+01	5.014645e+02
5.200000e-06	1.839131e-09	1.937311e-09	9.856106e+00	4.964410e+02
5.210000e-06	1.779510e-09	1.917488e-09	9.536585e+00	4.913065e+02
5.220000e-06	1.719799e-09	1.897495e-09	9.216590e+00	4.860613e+02
5.230000e-06	1.660008e-09	1.876461e-09	8.896163e+00	4.807059e+02
5.240000e-06	1.600143e-09	1.854436e-09	8.575338e+00	4.752407e+02
5.250000e-06	1.540206e-09	1.832379e-09	8.254128e+00	4.696656e+02
5.260000e-06	1.480199e-09	1.810634e-09	7.932543e+00	4.639798e+02
5.270000e-06	1.420123e-09	1.788950e-09	7.610588e+00	4.581816e+02
5.280000e-06	1.359978e-09	1.766494e-09	7.288260e+00	4.522682e+02
5.290000e-06	1.299759e-09	1.742537e-09	6.965539e+00	4.462353e+02
5.300000e-06	1.239464e-09	1.717849e-09	6.642412e+00	4.400774e+02
5.310000e-06	1.179094e-09	1.693522e-09	6.318885e+00	4.337877e+02
5.320000e-06	1.118660e-09	1.668864e-09	5.995008e+00	4.273584e+02
5.330000e-06	1.058170e-09	1.643024e-09	5.670838e+00	4.207806e+02
5.340000e-06	9.976309e-10	1.616510e-09	5.346402e+00	4.140450e+02
5.350000e-06	9.370370e-10	1.590095e-09	5.021673e+00	4.071418e+02
5.360000e-06	8.763849e-10	1.563742e-09	4.696632e+00	4.000613e+02
5.370000e-06	8.156754e-10	1.536377e-09	4.371284e+00	3.927942e+02
5.380000e-06	7.548950e-10	1.507266e-09	4.045556e+00	3.853317e+02
5.390000e-06	6.940363e-10	1.476805e-09	3.719408e+00	3.776659e+02
5.400000e-06	6.331051e-10	1.445396e-09	3.392872e+00	3.697898e+02
5.410000e-06	5.720988e-10	1.413330e-09	3.065934e+00	3.616974e+02
5.420000e-06	5.110252e-10	1.380703e-09	2.738635e+00	3.533840e+02
5.430000e-06	4.498983e-10	1.347015e-09	2.411050e+00	3.448457e+02
5.440000e-06	3.887209e-10	1.312280e-09	2.083195e+00	3.360795e+02
5.450000e-06	3.275005e-10	1.277272e-09	1.755111e+00	3.270833e+02
5.460000e-06	2.662580e-10	1.241722e-09	1.426907e+00	3.178559e+02
5.470000e-06	2.050160e-10	1.204667e-09	1.098706e+00	3.083963e+02
5.480000e-06	1.437720e-10	1.166130e-09	7.704936e-01	2.987044e+02
5.490000e-06	8.252123e-11	1.126822e-09	4.422458e-01	2.887802e+02
5.500000e-06	2.127175e-11	1.087466e-09	1.140048e-01	2.786246e+02
5.510000e-06	-3.997718e-11	1.047781e-09	-2.142332e-01	2.682390e+02
5.520000e-06	-1.012320e-10	1.006756e-09	-5.425030e-01	2.576254e+02
5.530000e-06	-1.624873e-10	9.644831e-10	-8.707753e-01	2.467870e+02
5.540000e-06	-2.237321e-10	9.211288e-10	-1.198991e+00	2.357278e+02
5.550000e-06	-2.849660e-10	8.767481e-10	-1.527149e+00	2.244532e+02
5.560000e-06	-3.461728e-10	8.318788e-10	-1.855162e+00	2.129700e+02
5.570000e-06	-4.073375e-10	7.862528e-10	-2.182948e+00	2.012864e+02
5.580000e-06	-4.684534e-10	7.394347e-10	-2.510474e+00	1.894121e+02
5.590000e-06	-5.295171e-10	6.918584e-10	-2.837719e+00	1.773581e+02
5.600000e-06	-5.905135e-10	6.441180e-10	-3.164605e+00	1.651366e+02
5.610000e-06	-6.514287e-10	5.962468e-10	-3.491055e+00	1.527609e+02
5.620000e-06	-7.122690e-10	5.474035e-10	-3.817104e+00	1.402447e+02
5.630000e-06	-7.730323e-10	4.973532e-10	-4.142740e+00	1.276020e+02
5.640000e-06	-8.337280e-10	4.468987e-10	-4.468014e+00	1.148467e+02
5.650000e-06	-8.943609e-10	3.961192e-10	-4.792953e+00	1.019922e+02
5.660000e-06	-9.549267e-10	3.454101e-10	-5.117531e+00	8.905055e+01
5.670000e-06	-1.015431e-09	2.953043e-10	-5.441783e+00	7.603300e+01
5.680000e-06	-1.075877e-09	2.446785e-10	-5.765716e+00	6.294915e+01
5.690000e-06	-1.136256e-09	1.925918e-10	-6.089294e+00	4.980710e+01
5.700000e-06	-1.196562e-09	1.401782e-10	-6.412482e+00	3.661349e+01
5.710000e-06	-1.256795e-09	8.865997e-11	-6.735279e+00	2.337361e+01
5.720000e-06	-1.316961e-09	3.721816e-11	-7.057716e+00	1.009172e+01
5.730000e-06	-1.377060e-09	-1.522820e-11	-7.379796e+00	-3.228589e+00
5.740000e-06	-1.437092e-09	-6.815188e-11	-7.701512e+00	-1.658393e+01
5.750000e-06	-1.497053e-09	-1.205945e-10	-8.022850e+00	-2.997068e+01
5.760000e-06	-1.556943e-09	-1.725836e-10	-8.343809e+00	-4.338447e+01
5.770000e-06	-1.616765e-09	-2.246838e-10	-8.664403e+00	-5.681977e+01
5.780000e-06	-1.676512e-09	-2.773000e-10	-8.984594e+00	-7.026954e+01
5.790000e-06	-1.736181e-09	-3.306165e-10	-9.304370e+00	-8.372500e+01
5.800000e-06	-1.795763e-09	-3.843828e-10	-9.623676e+00	-9.717548e+01
5.810000e-06	-1.855240e-09	-4.377790e-10	-9.942420e+00	-1.106085e+02
5.820000e-06	-1.914606e-09	-4.903948e-10	-1.026057e+01	-1.240099e+02
5.830000e-06	-1.973846e-09	-5.428340e-10	-1.057804e+01	-1.373643e+02
5.840000e-06	-2.032935e-09	-5.953780e-10	-1.089471e+01	-1.506552e+02
5.850000e-06	-2.091864e-09	-6.472671e-10	-1.121052e+01	-1.638659e+02
5.860000e-06	-2.150629e-09	-6.981893e-10	-1.152544e+01	-1.769796e+02
5.870000e-06	-2.209224e-09	-7.493214e-10	-1.183946e+01	-1.899806e+02
5.880000e-06	-2.267646e-09	-8.010569e-10	-1.215255e+01	-2.028540e+02
5.890000e-06	-2.325893e-09	-8.519221e-10	-1.246470e+01	-2.155868e+02
5.900000e-06	-2.383966e-09	-9.015139e-10	-1.277592e+01	-2.281681e+02
5.910000e-06	-2.441861e-09	-9.503974e-10	-1.308619e+01	-2.405892e+02
5.920000e-06	-2.499575e-09	-9.983084e-10	-1.339548e+01	-2.528437e+02
5.930000e-06	-2.557103e-09	-1.045424e-09	-1.370378e+01	-2.649276e+02
5.940000e-06	-2.614442e-09	-1.092433e-09	-1.401106e+01	-2.768388e+02
5.950000e-06	-2.671582e-09	-1.139012e-09	-1.431729e+01	-2.885771e+02
5.960000e-06	-2.728520e-09	-1.184324e-09	-1.462242e+01	-3.001438e+02
5.970000e-06	-2.785252e-09	-1.228936e-09	-1.492646e+01	-3.115407e+02
5.980000e-06	-2.841786e-09	-1.273551e-09	-1.522943e+01	-3.227702e+02
5.990000e-06	-2.898138e-09	-1.317363e-09	-1.553142e+01	-3.338346e+02
6.000000e-06	-2.954329e-09	-1.360292e-09	-1.583256e+01	-3.447352e+02
6.010000e-06	-3.010378e-09	-1.403085e-09	-1.613293e+01	-3.554726e+02
6.020000e-06	-3.066296e-09	-1.445431e-09	-1.643261e+01	-3.660460e+02
6.030000e-06	-3.122075e-09	-1.486647e-09	-1.673153e+01	-3.764530e+02
6.040000e-06	-3.177680e-09	-1.526344e-09	-1.702952e+01	-3.866898e+02
6.050000e-06	-3.233068e-09	-1.565012e-09	-1.732635e+01	-3.967509e+02
6.060000e-06	-3.288189e-09	-1.603243e-09	-1.762176e+01	-4.066296e+02
6.070000e-06	-3.342994e-09	-1.640805e-09	-1.791546e+01	-4.163179e+02
6.080000e-06	-3.397431e-09	-1.677582e-09	-1.820719e+01	-4.258074e+02
6.090000e-06	-3.451462e-09	-1.713937e-09	-1.849675e+01	-4.350891e+02
6.100000e-06	-3.505087e-09	-1.749838e-09	-1.878413e+01	-4.441542e+02
6.110000e-06	-3.558317e-09	-1.784945e-09	-1.906939e+01	-4.529945e+02
6.120000e-06	-3.611171e-09	-1.819185e-09	-1.935264e+01	-4.616025e+02
6.130000e-06	-3.663692e-09	-1.852216e-09	-1.963411e+01	-4.699721e+02
6.140000e-06	-3.715928e-09	-1.884058e-09	-1.991404e+01	-4.780987e+02
6.150000e-06	-3.767902e-09	-1.915107e-09	-2.019258e+01	-4.859793e+02
6.160000e-06	-3.819620e-09	-1.945257e-09	-2.046974e+01	-4.936128e+02
6.170000e-06	-3.871068e-09	-1.974598e-09	-2.074546e+01	-5.009998e+02
6.180000e-06	-3.922226e-09	-2.003354e-09	-2.101962e+01	-5.081427e+02
6.190000e-06	-3.973076e-09	-2.031086e-09	-2.129213e+01	-5.150457e+02
6.200000e-06	-4.023614e-09	-2.057569e-09	-2.156297e+01	-5.217140e+02
6.210000e-06	-4.073847e-09	-2.082855e-09	-2.183217e+01	-5.281542e+02
6.220000e-06	-4.123770e-09	-2.106885e-09	-2.209972e+01	-5.343738e+02
6.230000e-06	-4.173355e-09	-2.129913e-09	-2.236545e+01	-5.403808e+02
6.240000e-06	-4.222543e-09	-2.152389e-09	-2.262905e+01	-5.461835e+02
6.250000e-06	-4.271277e-09	-2.174548e-09	-2.289022e+01	-5.517902e+02
6.260000e-06	-4.319526e-09	-2.196053e-09	-2.314879e+01	-5.572092e+02
6.270000e-06	-4.367294e-09	-2.216812e-09	-2.340479e+01	-5.624482e+02
6.280000e-06	-4.414633e-09	-2.237096e-09	-2.365848e+01	-5.675145e+02
6.290000e-06	-4.461621e-09	-2.256540e-09	-2.391029e+01	-5.724149e+02
6.300000e-06	-4.508332e-09	-2.274968e-09	-2.416062e+01	-5.771554e+02
6.310000e-06	-4.554809e-09	-2.292863e-09	-2.440970e+01	-5.817414e+02
6.320000e-06	-4.601067e-09	-2.310523e-09	-2.465760e+01	-5.861780e+02
6.330000e-06	-4.647095e-09	-2.327577e-09	-2.490427e+01	-5.904697e+02
6.340000e-06	-4.692853e-09	-2.344240e-09	-2.514949e+01	-5.946205e+02
6.350000e-06	-4.738287e-09	-2.360788e-09	-2.539298e+01	-5.986346e+02
6.360000e-06	-4.783359e-09	-2.376690e-09	-2.563452e+01	-6.025159e+02
6.370000e-06	-4.828072e-09	-2.391654e-09	-2.587414e+01	-6.062684e+02
6.380000e-06	-4.872469e-09	-2.406043e-09	-2.611207e+01	-6.098964e+02
6.390000e-06	-4.916612e-09	-2.420369e-09	-2.634864e+01	-6.134046e+02
6.400000e-06	-4.960547e-09	-2.434078e-09	-2.658409e+01	-6.167979e+02
6.410000e-06	-5.004261e-09	-2.446494e-09	-2.681836e+01	-6.200816e+02
6.420000e-06	-5.047687e-09	-2.458225e-09	-2.705109e+01	-6.232613e+02
6.430000e-06	-5.090760e-09	-2.470273e-09	-2.728192e+01	-6.263431e+02
6.440000e-06	-5.133448e-09	-2.482469e-09	-2.751069e+01	-6.293330e+02
6.450000e-06	-5.175775e-09	-2.493987e-09	-2.773753e+01	-6.322373e+02
6.460000e-06	-5.217775e-09	-2.504730e-09	-2.796261e+01	-6.350620e+02
6.470000e-06	-5.259439e-09	-2.515155e-09	-2.818589e+01	-6.378131e+02
6.480000e-06	-5.300725e-09	-2.525764e-09	-2.840715e+01	-6.404960e+02
6.490000e-06	-5.341614e-09	-2.536502e-09	-2.862627e+01	-6.431158e+02
6.500000e-06	-5.382133e-09	-2.546591e-09	-2.884342e+01	-6.456766e+02
6.510000e-06	-5.422347e-09	-2.555692e-09	-2.905893e+01	-6.481824e+02
6.520000e-06	-5.462316e-09	-2.564544e-09	-2.927313e+01	-6.506359e+02
6.530000e-06	-5.502041e-09	-2.573917e-09	-2.948603e+01	-6.530394e+02
6.540000e-06	-5.541435e-09	-2.583467e-09	-2.969714e+01	-6.553945e+02
6.550000e-06	-5.580366e-09	-2.592589e-09	-2.990578e+01	-6.577024e+02
6.560000e-06	-5.618709e-09	-2.601127e-09	-3.011126e+01	-6.599635e+02
6.570000e-06	-5.656383e-09	-2.609520e-09	-3.031316e+01	-6.621782e+02
6.580000e-06	-5.693423e-09	-2.618235e-09	-3.051166e+01	-6.643467e+02
6.590000e-06	-5.729956e-09	-2.626794e-09	-3.070744e+01	-6.664694e+02
6.600000e-06	-5.766134e-09	-2.634471e-09	-3.090133e+01	-6.685465e+02
6.610000e-06	-5.802042e-09	-2.641715e-09	-3.109376e+01	-6.705787e+02
6.620000e-06	-5.837666e-09	-2.649540e-09	-3.128468e+01	-6.725671e+02
6.630000e-06	-5.872932e-09	-2.657808e-09	-3.147367e+01	-6.745130e+02
6.640000e-06	-5.907766e-09	-2.665683e-09	-3.166035e+01	-6.764182e+02
6.650000e-06	-5.942157e-09	-2.672518e-09	-3.184466e+01	-6.782847e+02
6.660000e-06	-5.976123e-09	-2.678490e-09	-3.202668e+01	-6.801148e+02
6.670000e-06	-6.009657e-09	-2.684781e-09	-3.220639e+01	-6.819107e+02
6.680000e-06	-6.042739e-09	-2.691848e-09	-3.238368e+01	-6.836747e+02
6.690000e-06	-6.075382e-09	-2.698825e-09	-3.255862e+01	-6.854090e+02
6.700000e-06	-6.107654e-09	-2.704972e-09	-3.273157e+01	-6.871153e+02
6.710000e-06	-6.139615e-09	-2.710842e-09	-3.290285e+01	-6.887950e+02
6.720000e-06	-6.171238e-09	-2.717387e-09	-3.307232e+01	-6.904490e+02
6.730000e-06	-6.202398e-09	-2.724485e-09	-3.323931e+01	-6.920778e+02
6.740000e-06	-6.232944e-09	-2.731164e-09	-3.340301e+01	-6.936811e+02
6.750000e-06	-6.262788e-09	-2.736729e-09	-3.356295e+01	-6.952584e+02
6.760000e-06	-6.291940e-09	-2.741982e-09	-3.371918e+01	-6.968090e+02
6.770000e-06	-6.320532e-09	-2.747714e-09	-3.387240e+01	-6.983316e+02
6.780000e-06	-6.348739e-09	-2.753898e-09	-3.402357e+01	-6.998252e+02
6.790000e-06	-6.376657e-09	-2.759918e-09	-3.417318e+01	-7.012886e+02
6.800000e-06	-6.404260e-09	-2.765144e-09	-3.432111e+01	-7.027208e+02
6.810000e-06	-6.431439e-09	-2.770127e-09	-3.446677e+01	-7.041212e+02
6.820000e-06	-6.458122e-09	-2.775681e-09	-3.460976e+01	-7.054896e+02
6.830000e-06	-6.484322e-09	-2.781497e-09	-3.475017e+01	-7.068260e+02
6.840000e-06	-6.510048e-09	-2.786608e-09	-3.488804e+01	-7.081309e+02
6.850000e-06	-6.535272e-09	-2.790839e-09	-3.502322e+01	-7.094053e+02
6.860000e-06	-6.560007e-09	-2.795061e-09	-3.515578e+01	-7.106501e+02
6.870000e-06	-6.584343e-09	-2.800025e-09	-3.528620e+01	-7.118666e+02
6.880000e-06	-6.608389e-09	-2.805256e-09	-3.541507e+01	-7.130561e+02
6.890000e-06	-6.632151e-09	-2.810062e-09	-3.554241e+01	-7.142196e+02
6.900000e-06	-6.655497e-09	-2.814458e-09	-3.566752e+01	-7.153580e+02
6.910000e-06	-6.678238e-09	-2.818817e-09	-3.578939e+01	-7.164718e+02
6.920000e-06	-6.700242e-09	-2.823518e-09	-3.590731e+01	-7.175612e+02
6.930000e-06	-6.721497e-09	-2.828206e-09	-3.602122e+01	-7.186260e+02
6.940000e-06	-6.742129e-09	-2.831820e-09	-3.613179e+01	-7.196656e+02
6.950000e-06	-6.762334e-09	-2.834525e-09	-3.624007e+01	-7.206790e+02
6.960000e-06	-6.782224e-09	-2.837841e-09	-3.634666e+01	-7.216653e+02
6.970000e-06	-6.801755e-09	-2.842224e-09	-3.645133e+01	-7.226233e+02
6.980000e-06	-6.820818e-09	-2.846575e-09	-3.655349e+01	-7.235521e+02
6.990000e-06	-6.839385e-09	-2.849951e-09	-3.665300e+01	-7.244508e+02
7.000000e-06	-6.857505e-09	-2.852702e-09	-3.675010e+01	-7.253191e+02
7.010000e-06	-6.875192e-09	-2.855627e-09	-3.684489e+01	-7.261570e+02
7.020000e-06	-6.892394e-09	-2.859083e-09	-3.693708e+01	-7.269651e+02
7.030000e-06	-6.909101e-09	-2.862820e-09	-3.702661e+01	-7.277445e+02
7.040000e-06	-6.925403e-09	-2.865908e-09	-3.711398e+01	-7.284966e+02
7.050000e-06	-6.941384e-09	-2.868289e-09	-3.719962e+01	-7.292232e+02
7.060000e-06	-6.956978e-09	-2.870910e-09	-3.728319e+01	-7.299264e+02
7.070000e-06	-6.971946e-09	-2.874040e-09	-3.736341e+01	-7.306082e+02
7.080000e-06	-6.986084e-09	-2.876953e-09	-3.743918e+01	-7.312707e+02
7.090000e-06	-6.999395e-09	-2.879065e-09	-3.751051e+01	-7.319154e+02
7.100000e-06	-7.012042e-09	-2.880866e-09	-3.757829e+01	-7.325436e+02
7.110000e-06	-7.024186e-09	-2.883317e-09	-3.764337e+01	-7.331558e+02
7.120000e-06	-7.035852e-09	-2.886427e-09	-3.770589e+01	-7.337522e+02
7.130000e-06	-7.046991e-09	-2.889164e-09	-3.776558e+01	-7.343323e+02
7.140000e-06	-7.057604e-09	-2.890902e-09	-3.782246e+01	-7.348949e+02
7.150000e-06	-7.067752e-09	-2.892271e-09	-3.787684e+01	-7.354386e+02
7.160000e-06	-7.077448e-09	-2.894369e-09	-3.792880e+01	-7.359616e+02
7.170000e-06	-7.086637e-09	-2.897107e-09	-3.797805e+01	-7.364621e+02
7.180000e-06	-7.095311e-09	-2.899254e-09	-3.802454e+01	-7.369383e+02
7.190000e-06	-7.103577e-09	-2.900453e-09	-3.806883e+01	-7.373889e+02
7.200000e-06	-7.111523e-09	-2.901751e-09	-3.811141e+01	-7.378128e+02
7.210000e-06	-7.119091e-09	-2.903879e-09	-3.815197e+01	-7.382096e+02
7.220000e-06	-7.126096e-09	-2.906371e-09	-3.818951e+01	-7.385797e+02
7.230000e-06	-7.132362e-09	-2.908318e-09	-3.822310e+01	-7.389240e+02
7.240000e-06	-7.137834e-09	-2.909569e-09	-3.825242e+01	-7.392438e+02
7.250000e-06	-7.142610e-09	-2.910750e-09	-3.827801e+01	-7.395412e+02
7.260000e-06	-7.146902e-09	-2.912425e-09	-3.830102e+01	-7.398184e+02
7.270000e-06	-7.150855e-09	-2.914386e-09	-3.832220e+01	-7.400777e+02
7.280000e-06	-7.154436e-09	-2.915611e-09	-3.834139e+01	-7.403212e+02
7.290000e-06	-7.157540e-09	-2.915928e-09	-3.835803e+01	-7.405506e+02
7.300000e-06	-7.160141e-09	-2.916500e-09	-3.837197e+01	-7.407673e+02
7.310000e-06	-7.162298e-09	-2.917927e-09	-3.838352e+01	-7.409717e+02
7.320000e-06	-7.164037e-09	-2.919601e-09	-3.839284e+01	-7.411638e+02
7.330000e-06	-7.165181e-09	-2.920614e-09	-3.839898e+01	-7.413426e+02
7.340000e-06	-7.165767e-09	-2.920857e-09	-3.840212e+01	-7.415065e+02
