# Temperatura_=_-0.906666666666666
# Concentracion g/m^3_=_19900.0
# C_Vs_to_Am_M_A/Vsm_=_254322799225.57578
# pendiente_HvsI_1/m_=_3716.3
# ordenada_HvsI_A/m_=_1297.0
# frecuencia_Hz_=_136543.4215451338
# Promedio de 300 ciclos

Tiempo_(s)	Campo_(V.s)	Magnetizacion_(V.s)	Campo_(kA/m)	Magnetizacion_(A/m)
0.000000e+00	-1.081582e-08	-5.071129e-09	-5.697837e+01	-1.286439e+03
1.000000e-08	-1.081585e-08	-5.072643e-09	-5.697857e+01	-1.286542e+03
2.000000e-08	-1.081522e-08	-5.074252e-09	-5.697525e+01	-1.286609e+03
3.000000e-08	-1.081362e-08	-5.075451e-09	-5.696679e+01	-1.286641e+03
4.000000e-08	-1.081098e-08	-5.075821e-09	-5.695288e+01	-1.286638e+03
5.000000e-08	-1.080754e-08	-5.075496e-09	-5.693477e+01	-1.286602e+03
6.000000e-08	-1.080353e-08	-5.074254e-09	-5.691363e+01	-1.286534e+03
7.000000e-08	-1.079891e-08	-5.073662e-09	-5.688932e+01	-1.286436e+03
8.000000e-08	-1.079358e-08	-5.076961e-09	-5.686123e+01	-1.286311e+03
9.000000e-08	-1.078744e-08	-5.080204e-09	-5.682889e+01	-1.286163e+03
1.000000e-07	-1.078033e-08	-5.071022e-09	-5.679145e+01	-1.285995e+03
1.100000e-07	-1.077198e-08	-5.052686e-09	-5.674744e+01	-1.285813e+03
1.200000e-07	-1.076215e-08	-5.052822e-09	-5.669563e+01	-1.285622e+03
1.300000e-07	-1.075117e-08	-5.080182e-09	-5.663780e+01	-1.285427e+03
1.400000e-07	-1.073976e-08	-5.099313e-09	-5.657769e+01	-1.285234e+03
1.500000e-07	-1.072800e-08	-5.071862e-09	-5.651575e+01	-1.285050e+03
1.600000e-07	-1.071542e-08	-5.042071e-09	-5.644945e+01	-1.284879e+03
1.700000e-07	-1.070194e-08	-5.076996e-09	-5.637843e+01	-1.284726e+03
1.800000e-07	-1.068785e-08	-5.105018e-09	-5.630422e+01	-1.284593e+03
1.900000e-07	-1.067283e-08	-5.054581e-09	-5.622510e+01	-1.284483e+03
2.000000e-07	-1.065653e-08	-5.027988e-09	-5.613924e+01	-1.284395e+03
2.100000e-07	-1.063947e-08	-5.074197e-09	-5.604935e+01	-1.284329e+03
2.200000e-07	-1.062202e-08	-5.082450e-09	-5.595741e+01	-1.284281e+03
2.300000e-07	-1.060382e-08	-5.051998e-09	-5.586155e+01	-1.284247e+03
2.400000e-07	-1.058475e-08	-5.080957e-09	-5.576109e+01	-1.284222e+03
2.500000e-07	-1.056510e-08	-5.106347e-09	-5.565760e+01	-1.284199e+03
2.600000e-07	-1.054485e-08	-5.056535e-09	-5.555087e+01	-1.284172e+03
2.700000e-07	-1.052376e-08	-5.038692e-09	-5.543980e+01	-1.284134e+03
2.800000e-07	-1.050197e-08	-5.069315e-09	-5.532497e+01	-1.284079e+03
2.900000e-07	-1.047949e-08	-5.042392e-09	-5.520659e+01	-1.283998e+03
3.000000e-07	-1.045623e-08	-5.016786e-09	-5.508405e+01	-1.283888e+03
3.100000e-07	-1.043235e-08	-5.060945e-09	-5.495822e+01	-1.283743e+03
3.200000e-07	-1.040785e-08	-5.069530e-09	-5.482917e+01	-1.283558e+03
3.300000e-07	-1.038237e-08	-5.038359e-09	-5.469494e+01	-1.283330e+03
3.400000e-07	-1.035579e-08	-5.066349e-09	-5.455490e+01	-1.283055e+03
3.500000e-07	-1.032840e-08	-5.086508e-09	-5.441059e+01	-1.282730e+03
3.600000e-07	-1.030039e-08	-5.041070e-09	-5.426307e+01	-1.282351e+03
3.700000e-07	-1.027181e-08	-5.034368e-09	-5.411247e+01	-1.281916e+03
3.800000e-07	-1.024256e-08	-5.054041e-09	-5.395842e+01	-1.281419e+03
3.900000e-07	-1.021252e-08	-5.017158e-09	-5.380013e+01	-1.280858e+03
4.000000e-07	-1.018167e-08	-5.004175e-09	-5.363764e+01	-1.280226e+03
4.100000e-07	-1.015018e-08	-5.029232e-09	-5.347173e+01	-1.279519e+03
4.200000e-07	-1.011806e-08	-5.002994e-09	-5.330256e+01	-1.278733e+03
4.300000e-07	-1.008522e-08	-4.987260e-09	-5.312952e+01	-1.277861e+03
4.400000e-07	-1.005146e-08	-5.015355e-09	-5.295170e+01	-1.276899e+03
4.500000e-07	-1.001675e-08	-5.000954e-09	-5.276882e+01	-1.275844e+03
4.600000e-07	-9.981250e-09	-4.978118e-09	-5.258181e+01	-1.274694e+03
4.700000e-07	-9.945141e-09	-4.991806e-09	-5.239159e+01	-1.273448e+03
4.800000e-07	-9.908409e-09	-4.983559e-09	-5.219808e+01	-1.272106e+03
4.900000e-07	-9.870972e-09	-4.966620e-09	-5.200086e+01	-1.270672e+03
5.000000e-07	-9.832822e-09	-4.971923e-09	-5.179988e+01	-1.269149e+03
5.100000e-07	-9.793999e-09	-4.961907e-09	-5.159536e+01	-1.267545e+03
5.200000e-07	-9.754574e-09	-4.948514e-09	-5.138766e+01	-1.265865e+03
5.300000e-07	-9.714569e-09	-4.952516e-09	-5.117691e+01	-1.264118e+03
5.400000e-07	-9.673816e-09	-4.943582e-09	-5.096223e+01	-1.262312e+03
5.500000e-07	-9.632105e-09	-4.929706e-09	-5.074249e+01	-1.260455e+03
5.600000e-07	-9.589427e-09	-4.930398e-09	-5.051766e+01	-1.258554e+03
5.700000e-07	-9.545934e-09	-4.923432e-09	-5.028854e+01	-1.256615e+03
5.800000e-07	-9.501782e-09	-4.910760e-09	-5.005594e+01	-1.254644e+03
5.900000e-07	-9.457058e-09	-4.907249e-09	-4.982033e+01	-1.252642e+03
6.000000e-07	-9.411742e-09	-4.900058e-09	-4.958161e+01	-1.250612e+03
6.100000e-07	-9.365786e-09	-4.889320e-09	-4.933951e+01	-1.248553e+03
6.200000e-07	-9.319174e-09	-4.883547e-09	-4.909395e+01	-1.246464e+03
6.300000e-07	-9.271914e-09	-4.874293e-09	-4.884498e+01	-1.244341e+03
6.400000e-07	-9.223972e-09	-4.864292e-09	-4.859242e+01	-1.242182e+03
6.500000e-07	-9.175248e-09	-4.859803e-09	-4.833574e+01	-1.239982e+03
6.600000e-07	-9.125628e-09	-4.852229e-09	-4.807434e+01	-1.237738e+03
6.700000e-07	-9.075064e-09	-4.841796e-09	-4.780797e+01	-1.235448e+03
6.800000e-07	-9.023602e-09	-4.833449e-09	-4.753687e+01	-1.233109e+03
6.900000e-07	-8.971334e-09	-4.822779e-09	-4.726152e+01	-1.230720e+03
7.000000e-07	-8.918343e-09	-4.811765e-09	-4.698236e+01	-1.228281e+03
7.100000e-07	-8.864689e-09	-4.803585e-09	-4.669971e+01	-1.225794e+03
7.200000e-07	-8.810417e-09	-4.793007e-09	-4.641380e+01	-1.223260e+03
7.300000e-07	-8.755583e-09	-4.781938e-09	-4.612493e+01	-1.220682e+03
7.400000e-07	-8.700249e-09	-4.774962e-09	-4.583342e+01	-1.218062e+03
7.500000e-07	-8.644402e-09	-4.766924e-09	-4.553922e+01	-1.215403e+03
7.600000e-07	-8.587972e-09	-4.755192e-09	-4.524194e+01	-1.212707e+03
7.700000e-07	-8.530893e-09	-4.743630e-09	-4.494124e+01	-1.209976e+03
7.800000e-07	-8.473068e-09	-4.731980e-09	-4.463662e+01	-1.207209e+03
7.900000e-07	-8.414454e-09	-4.719486e-09	-4.432784e+01	-1.204407e+03
8.000000e-07	-8.355127e-09	-4.708668e-09	-4.401530e+01	-1.201568e+03
8.100000e-07	-8.295189e-09	-4.699492e-09	-4.369954e+01	-1.198689e+03
8.200000e-07	-8.234694e-09	-4.688863e-09	-4.338085e+01	-1.195768e+03
8.300000e-07	-8.173647e-09	-4.676552e-09	-4.305925e+01	-1.192802e+03
8.400000e-07	-8.112015e-09	-4.664536e-09	-4.273457e+01	-1.189788e+03
8.500000e-07	-8.049803e-09	-4.652686e-09	-4.240683e+01	-1.186722e+03
8.600000e-07	-7.987080e-09	-4.639664e-09	-4.207640e+01	-1.183603e+03
8.700000e-07	-7.923875e-09	-4.626522e-09	-4.174344e+01	-1.180428e+03
8.800000e-07	-7.860154e-09	-4.614274e-09	-4.140775e+01	-1.177197e+03
8.900000e-07	-7.795899e-09	-4.602009e-09	-4.106925e+01	-1.173910e+03
9.000000e-07	-7.731105e-09	-4.589554e-09	-4.072791e+01	-1.170568e+03
9.100000e-07	-7.665721e-09	-4.577337e-09	-4.038346e+01	-1.167171e+03
9.200000e-07	-7.599682e-09	-4.564184e-09	-4.003557e+01	-1.163721e+03
9.300000e-07	-7.532989e-09	-4.549908e-09	-3.968423e+01	-1.160221e+03
9.400000e-07	-7.465682e-09	-4.536347e-09	-3.932965e+01	-1.156670e+03
9.500000e-07	-7.397816e-09	-4.523375e-09	-3.897213e+01	-1.153070e+03
9.600000e-07	-7.329455e-09	-4.509451e-09	-3.861200e+01	-1.149422e+03
9.700000e-07	-7.260639e-09	-4.494922e-09	-3.824947e+01	-1.145724e+03
9.800000e-07	-7.191342e-09	-4.480225e-09	-3.788441e+01	-1.141975e+03
9.900000e-07	-7.121532e-09	-4.465035e-09	-3.751664e+01	-1.138174e+03
1.000000e-06	-7.051233e-09	-4.449914e-09	-3.714630e+01	-1.134318e+03
1.010000e-06	-6.980491e-09	-4.434976e-09	-3.677363e+01	-1.130404e+03
1.020000e-06	-6.909323e-09	-4.419564e-09	-3.639871e+01	-1.126429e+03
1.030000e-06	-6.837707e-09	-4.404070e-09	-3.602143e+01	-1.122391e+03
1.040000e-06	-6.765580e-09	-4.388961e-09	-3.564146e+01	-1.118288e+03
1.050000e-06	-6.692889e-09	-4.373360e-09	-3.525852e+01	-1.114117e+03
1.060000e-06	-6.619607e-09	-4.356965e-09	-3.487248e+01	-1.109878e+03
1.070000e-06	-6.545720e-09	-4.340065e-09	-3.448323e+01	-1.105570e+03
1.080000e-06	-6.471219e-09	-4.322493e-09	-3.409076e+01	-1.101194e+03
1.090000e-06	-6.396115e-09	-4.304778e-09	-3.369511e+01	-1.096749e+03
1.100000e-06	-6.320427e-09	-4.287878e-09	-3.329638e+01	-1.092237e+03
1.110000e-06	-6.244208e-09	-4.271026e-09	-3.289486e+01	-1.087657e+03
1.120000e-06	-6.167523e-09	-4.253334e-09	-3.249088e+01	-1.083010e+03
1.130000e-06	-6.090385e-09	-4.235334e-09	-3.208451e+01	-1.078295e+03
1.140000e-06	-6.012784e-09	-4.217254e-09	-3.167570e+01	-1.073511e+03
1.150000e-06	-5.934706e-09	-4.198577e-09	-3.126439e+01	-1.068657e+03
1.160000e-06	-5.856147e-09	-4.179317e-09	-3.085054e+01	-1.063730e+03
1.170000e-06	-5.777118e-09	-4.159637e-09	-3.043421e+01	-1.058727e+03
1.180000e-06	-5.697630e-09	-4.139658e-09	-3.001547e+01	-1.053645e+03
1.190000e-06	-5.617684e-09	-4.119474e-09	-2.959431e+01	-1.048479e+03
1.200000e-06	-5.537252e-09	-4.098967e-09	-2.917059e+01	-1.043227e+03
1.210000e-06	-5.456314e-09	-4.077837e-09	-2.874420e+01	-1.037886e+03
1.220000e-06	-5.374909e-09	-4.055894e-09	-2.831535e+01	-1.032454e+03
1.230000e-06	-5.293119e-09	-4.033588e-09	-2.788448e+01	-1.026929e+03
1.240000e-06	-5.211007e-09	-4.011644e-09	-2.745190e+01	-1.021311e+03
1.250000e-06	-5.128606e-09	-3.989966e-09	-2.701781e+01	-1.015600e+03
1.260000e-06	-5.045940e-09	-3.967715e-09	-2.658232e+01	-1.009798e+03
1.270000e-06	-4.963009e-09	-3.944583e-09	-2.614543e+01	-1.003906e+03
1.280000e-06	-4.879791e-09	-3.920818e-09	-2.570703e+01	-9.979255e+02
1.290000e-06	-4.796284e-09	-3.896619e-09	-2.526711e+01	-9.918575e+02
1.300000e-06	-4.712485e-09	-3.872269e-09	-2.482565e+01	-9.857024e+02
1.310000e-06	-4.628389e-09	-3.847649e-09	-2.438262e+01	-9.794597e+02
1.320000e-06	-4.543997e-09	-3.822546e-09	-2.393804e+01	-9.731270e+02
1.330000e-06	-4.459320e-09	-3.797472e-09	-2.349195e+01	-9.667005e+02
1.340000e-06	-4.374354e-09	-3.772340e-09	-2.304434e+01	-9.601750e+02
1.350000e-06	-4.289079e-09	-3.746226e-09	-2.259511e+01	-9.535435e+02
1.360000e-06	-4.203491e-09	-3.718710e-09	-2.214423e+01	-9.467979e+02
1.370000e-06	-4.117605e-09	-3.690273e-09	-2.169178e+01	-9.399293e+02
1.380000e-06	-4.031451e-09	-3.661868e-09	-2.123791e+01	-9.329283e+02
1.390000e-06	-3.945058e-09	-3.634043e-09	-2.078278e+01	-9.257858e+02
1.400000e-06	-3.858441e-09	-3.606300e-09	-2.032648e+01	-9.184931e+02
1.410000e-06	-3.771613e-09	-3.577873e-09	-1.986906e+01	-9.110428e+02
1.420000e-06	-3.684572e-09	-3.548544e-09	-1.941053e+01	-9.034287e+02
1.430000e-06	-3.597303e-09	-3.518608e-09	-1.895078e+01	-8.956463e+02
1.440000e-06	-3.509788e-09	-3.487776e-09	-1.848975e+01	-8.876928e+02
1.450000e-06	-3.422015e-09	-3.455386e-09	-1.802735e+01	-8.795668e+02
1.460000e-06	-3.333964e-09	-3.421922e-09	-1.756350e+01	-8.712681e+02
1.470000e-06	-3.245615e-09	-3.388428e-09	-1.709807e+01	-8.627975e+02
1.480000e-06	-3.156954e-09	-3.355053e-09	-1.663100e+01	-8.541560e+02
1.490000e-06	-3.067991e-09	-3.321375e-09	-1.616234e+01	-8.453443e+02
1.500000e-06	-2.978763e-09	-3.286725e-09	-1.569228e+01	-8.363623e+02
1.510000e-06	-2.889311e-09	-3.250547e-09	-1.522105e+01	-8.272089e+02
1.520000e-06	-2.799667e-09	-3.212973e-09	-1.474880e+01	-8.178812e+02
1.530000e-06	-2.709853e-09	-3.174507e-09	-1.427566e+01	-8.083743e+02
1.540000e-06	-2.619888e-09	-3.135430e-09	-1.380172e+01	-7.986815e+02
1.550000e-06	-2.529771e-09	-3.095526e-09	-1.332698e+01	-7.887944e+02
1.560000e-06	-2.439492e-09	-3.055114e-09	-1.285139e+01	-7.787027e+02
1.570000e-06	-2.349046e-09	-3.014968e-09	-1.237491e+01	-7.683949e+02
1.580000e-06	-2.258423e-09	-2.974922e-09	-1.189751e+01	-7.578585e+02
1.590000e-06	-2.167611e-09	-2.933685e-09	-1.141911e+01	-7.470804e+02
1.600000e-06	-2.076597e-09	-2.890304e-09	-1.093964e+01	-7.360473e+02
1.610000e-06	-1.985375e-09	-2.844931e-09	-1.045908e+01	-7.247461e+02
1.620000e-06	-1.893948e-09	-2.798220e-09	-9.977439e+00	-7.131636e+02
1.630000e-06	-1.802329e-09	-2.751206e-09	-9.494781e+00	-7.012870e+02
1.640000e-06	-1.710533e-09	-2.703899e-09	-9.011196e+00	-6.891034e+02
1.650000e-06	-1.618587e-09	-2.654915e-09	-8.526818e+00	-6.765994e+02
1.660000e-06	-1.526526e-09	-2.603947e-09	-8.041829e+00	-6.637613e+02
1.670000e-06	-1.434378e-09	-2.552087e-09	-7.556386e+00	-6.505737e+02
1.680000e-06	-1.342165e-09	-2.499669e-09	-7.070602e+00	-6.370199e+02
1.690000e-06	-1.249889e-09	-2.445475e-09	-6.584487e+00	-6.230809e+02
1.700000e-06	-1.157547e-09	-2.388412e-09	-6.098019e+00	-6.087353e+02
1.710000e-06	-1.065132e-09	-2.328933e-09	-5.611170e+00	-5.939592e+02
1.720000e-06	-9.726335e-10	-2.268254e-09	-5.123882e+00	-5.787262e+02
1.730000e-06	-8.800503e-10	-2.206482e-09	-4.636146e+00	-5.630078e+02
1.740000e-06	-7.873882e-10	-2.142645e-09	-4.147995e+00	-5.467740e+02
1.750000e-06	-6.946502e-10	-2.076171e-09	-3.659444e+00	-5.299937e+02
1.760000e-06	-6.018452e-10	-2.007463e-09	-3.170540e+00	-5.126363e+02
1.770000e-06	-5.089875e-10	-1.937031e-09	-2.681359e+00	-4.946721e+02
1.780000e-06	-4.160883e-10	-1.864497e-09	-2.191959e+00	-4.760736e+02
1.790000e-06	-3.231720e-10	-1.789140e-09	-1.702469e+00	-4.568170e+02
1.800000e-06	-2.302602e-10	-1.710443e-09	-1.213003e+00	-4.368824e+02
1.810000e-06	-1.373661e-10	-1.628614e-09	-7.236302e-01	-4.162554e+02
1.820000e-06	-4.450348e-11	-1.544510e-09	-2.344230e-01	-3.949269e+02
1.830000e-06	4.833261e-11	-1.458061e-09	2.546445e-01	-3.728942e+02
1.840000e-06	1.411525e-10	-1.368294e-09	7.436265e-01	-3.501606e+02
1.850000e-06	2.339620e-10	-1.275236e-09	1.232554e+00	-3.267354e+02
1.860000e-06	3.267738e-10	-1.179854e-09	1.721494e+00	-3.026335e+02
1.870000e-06	4.195902e-10	-1.082322e-09	2.210458e+00	-2.778749e+02
1.880000e-06	5.124031e-10	-9.820169e-10	2.699404e+00	-2.524840e+02
1.890000e-06	6.051983e-10	-8.788077e-10	3.188255e+00	-2.264890e+02
1.900000e-06	6.979626e-10	-7.728200e-10	3.676945e+00	-1.999212e+02
1.910000e-06	7.906873e-10	-6.646620e-10	4.165426e+00	-1.728143e+02
1.920000e-06	8.833586e-10	-5.555748e-10	4.653625e+00	-1.452041e+02
1.930000e-06	9.759616e-10	-4.458417e-10	5.141465e+00	-1.171281e+02
1.940000e-06	1.068477e-09	-3.346183e-10	5.628844e+00	-8.862560e+01
1.950000e-06	1.160892e-09	-2.212147e-10	6.115693e+00	-5.973721e+01
1.960000e-06	1.253200e-09	-1.062463e-10	6.601976e+00	-3.050546e+01
1.970000e-06	1.345400e-09	9.497872e-12	7.087696e+00	-9.748081e-01
1.980000e-06	1.437493e-09	1.263546e-10	7.572848e+00	2.880803e+01
1.990000e-06	1.529484e-09	2.447797e-10	8.057465e+00	5.879387e+01
2.000000e-06	1.621383e-09	3.644626e-10	8.541595e+00	8.893084e+01
2.010000e-06	1.713181e-09	4.843082e-10	9.025196e+00	1.191643e+02
2.020000e-06	1.804868e-09	6.033159e-10	9.508207e+00	1.494371e+02
2.030000e-06	1.896425e-09	7.216483e-10	9.990535e+00	1.796895e+02
2.040000e-06	1.987820e-09	8.398546e-10	1.047201e+01	2.098598e+02
2.050000e-06	2.079036e-09	9.578999e-10	1.095254e+01	2.398849e+02
2.060000e-06	2.170062e-09	1.075613e-09	1.143207e+01	2.697007e+02
2.070000e-06	2.260885e-09	1.192527e-09	1.191054e+01	2.992432e+02
2.080000e-06	2.351499e-09	1.307932e-09	1.238789e+01	3.284493e+02
2.090000e-06	2.441893e-09	1.421226e-09	1.286409e+01	3.572573e+02
2.100000e-06	2.532068e-09	1.531923e-09	1.333913e+01	3.856080e+02
2.110000e-06	2.622028e-09	1.639671e-09	1.381305e+01	4.134451e+02
2.120000e-06	2.711790e-09	1.744632e-09	1.428592e+01	4.407162e+02
2.130000e-06	2.801373e-09	1.847791e-09	1.475784e+01	4.673728e+02
2.140000e-06	2.890787e-09	1.949974e-09	1.522888e+01	4.933711e+02
2.150000e-06	2.980022e-09	2.050370e-09	1.569897e+01	5.186721e+02
2.160000e-06	3.069047e-09	2.147400e-09	1.616795e+01	5.432418e+02
2.170000e-06	3.157837e-09	2.240664e-09	1.663570e+01	5.670516e+02
2.180000e-06	3.246367e-09	2.330782e-09	1.710208e+01	5.900780e+02
2.190000e-06	3.334617e-09	2.418037e-09	1.756699e+01	6.123031e+02
2.200000e-06	3.422576e-09	2.501954e-09	1.803036e+01	6.337143e+02
2.210000e-06	3.510243e-09	2.582149e-09	1.849219e+01	6.543048e+02
2.220000e-06	3.597624e-09	2.658865e-09	1.895253e+01	6.740734e+02
2.230000e-06	3.684740e-09	2.732707e-09	1.941146e+01	6.930248e+02
2.240000e-06	3.771604e-09	2.803923e-09	1.986906e+01	7.111691e+02
2.250000e-06	3.858213e-09	2.872056e-09	2.032533e+01	7.285223e+02
2.260000e-06	3.944573e-09	2.936468e-09	2.078028e+01	7.451058e+02
2.270000e-06	4.030683e-09	2.997199e-09	2.123391e+01	7.609460e+02
2.280000e-06	4.116543e-09	3.055241e-09	2.168623e+01	7.760739e+02
2.290000e-06	4.202155e-09	3.111468e-09	2.213724e+01	7.905245e+02
2.300000e-06	4.287516e-09	3.165600e-09	2.258692e+01	8.043357e+02
2.310000e-06	4.372624e-09	3.217035e-09	2.303528e+01	8.175475e+02
2.320000e-06	4.457473e-09	3.266024e-09	2.348227e+01	8.302011e+02
2.330000e-06	4.542035e-09	3.313586e-09	2.392775e+01	8.423374e+02
2.340000e-06	4.626287e-09	3.360103e-09	2.437160e+01	8.539962e+02
2.350000e-06	4.710211e-09	3.404600e-09	2.481371e+01	8.652152e+02
2.360000e-06	4.793788e-09	3.446086e-09	2.525400e+01	8.760288e+02
2.370000e-06	4.877014e-09	3.485471e-09	2.569245e+01	8.864679e+02
2.380000e-06	4.959905e-09	3.524838e-09	2.612912e+01	8.965589e+02
2.390000e-06	5.042481e-09	3.564119e-09	2.656414e+01	9.063241e+02
2.400000e-06	5.124743e-09	3.601307e-09	2.699750e+01	9.157814e+02
2.410000e-06	5.206681e-09	3.636103e-09	2.742916e+01	9.249449e+02
2.420000e-06	5.288274e-09	3.669935e-09	2.785899e+01	9.338253e+02
2.430000e-06	5.369501e-09	3.703401e-09	2.828690e+01	9.424309e+02
2.440000e-06	5.450335e-09	3.736090e-09	2.871274e+01	9.507680e+02
2.450000e-06	5.530742e-09	3.767374e-09	2.913633e+01	9.588425e+02
2.460000e-06	5.610711e-09	3.796930e-09	2.955761e+01	9.666599e+02
2.470000e-06	5.690240e-09	3.825472e-09	2.997657e+01	9.742268e+02
2.480000e-06	5.769319e-09	3.853967e-09	3.039316e+01	9.815510e+02
2.490000e-06	5.847924e-09	3.882049e-09	3.080726e+01	9.886421e+02
2.500000e-06	5.926039e-09	3.908678e-09	3.121877e+01	9.955112e+02
2.510000e-06	6.003672e-09	3.933846e-09	3.162774e+01	1.002171e+03
2.520000e-06	6.080846e-09	3.958699e-09	3.203431e+01	1.008637e+03
2.530000e-06	6.157585e-09	3.983983e-09	3.243857e+01	1.014924e+03
2.540000e-06	6.233881e-09	4.008868e-09	3.284050e+01	1.021047e+03
2.550000e-06	6.309703e-09	4.032062e-09	3.323994e+01	1.027021e+03
2.560000e-06	6.385006e-09	4.054020e-09	3.363663e+01	1.032862e+03
2.570000e-06	6.459757e-09	4.076210e-09	3.403042e+01	1.038581e+03
2.580000e-06	6.533947e-09	4.098561e-09	3.442126e+01	1.044189e+03
2.590000e-06	6.607578e-09	4.120217e-09	3.480914e+01	1.049695e+03
2.600000e-06	6.680650e-09	4.141330e-09	3.519409e+01	1.055104e+03
2.610000e-06	6.753153e-09	4.162371e-09	3.557604e+01	1.060420e+03
2.620000e-06	6.825089e-09	4.183346e-09	3.595500e+01	1.065644e+03
2.630000e-06	6.896494e-09	4.204048e-09	3.633117e+01	1.070776e+03
2.640000e-06	6.967417e-09	4.223746e-09	3.670480e+01	1.075815e+03
2.650000e-06	7.037878e-09	4.242066e-09	3.707599e+01	1.080759e+03
2.660000e-06	7.107853e-09	4.260237e-09	3.744462e+01	1.085604e+03
2.670000e-06	7.177334e-09	4.279140e-09	3.781065e+01	1.090350e+03
2.680000e-06	7.246343e-09	4.298073e-09	3.817419e+01	1.094995e+03
2.690000e-06	7.314907e-09	4.316183e-09	3.853539e+01	1.099538e+03
2.700000e-06	7.383025e-09	4.333574e-09	3.889425e+01	1.103981e+03
2.710000e-06	7.450654e-09	4.350521e-09	3.925052e+01	1.108324e+03
2.720000e-06	7.517734e-09	4.366924e-09	3.960390e+01	1.112571e+03
2.730000e-06	7.584199e-09	4.382759e-09	3.995404e+01	1.116724e+03
2.740000e-06	7.650008e-09	4.397990e-09	4.030073e+01	1.120789e+03
2.750000e-06	7.715159e-09	4.413020e-09	4.064394e+01	1.124767e+03
2.760000e-06	7.779671e-09	4.428256e-09	4.098380e+01	1.128663e+03
2.770000e-06	7.843580e-09	4.443703e-09	4.132047e+01	1.132480e+03
2.780000e-06	7.906942e-09	4.459159e-09	4.165427e+01	1.136220e+03
2.790000e-06	7.969813e-09	4.473792e-09	4.198548e+01	1.139885e+03
2.800000e-06	8.032199e-09	4.486880e-09	4.231413e+01	1.143475e+03
2.810000e-06	8.094066e-09	4.499225e-09	4.264005e+01	1.146991e+03
2.820000e-06	8.155408e-09	4.511849e-09	4.296320e+01	1.150433e+03
2.830000e-06	8.216252e-09	4.524459e-09	4.328374e+01	1.153801e+03
2.840000e-06	8.276618e-09	4.536986e-09	4.360175e+01	1.157094e+03
2.850000e-06	8.336479e-09	4.549907e-09	4.391710e+01	1.160312e+03
2.860000e-06	8.395752e-09	4.563156e-09	4.422936e+01	1.163456e+03
2.870000e-06	8.454329e-09	4.576096e-09	4.453794e+01	1.166528e+03
2.880000e-06	8.512123e-09	4.587934e-09	4.484240e+01	1.169530e+03
2.890000e-06	8.569121e-09	4.598322e-09	4.514266e+01	1.172464e+03
2.900000e-06	8.625393e-09	4.607662e-09	4.543911e+01	1.175334e+03
2.910000e-06	8.681033e-09	4.617135e-09	4.573223e+01	1.178145e+03
2.920000e-06	8.736108e-09	4.627678e-09	4.602236e+01	1.180899e+03
2.930000e-06	8.790629e-09	4.638745e-09	4.630958e+01	1.183602e+03
2.940000e-06	8.844567e-09	4.649720e-09	4.659373e+01	1.186256e+03
2.950000e-06	8.897891e-09	4.660562e-09	4.687465e+01	1.188867e+03
2.960000e-06	8.950586e-09	4.670966e-09	4.715225e+01	1.191435e+03
2.970000e-06	9.002605e-09	4.680535e-09	4.742628e+01	1.193964e+03
2.980000e-06	9.053854e-09	4.689289e-09	4.769627e+01	1.196455e+03
2.990000e-06	9.104234e-09	4.697848e-09	4.796167e+01	1.198908e+03
3.000000e-06	9.153709e-09	4.706843e-09	4.822230e+01	1.201325e+03
3.010000e-06	9.202344e-09	4.716431e-09	4.847851e+01	1.203704e+03
3.020000e-06	9.250252e-09	4.726440e-09	4.873089e+01	1.206045e+03
3.030000e-06	9.297515e-09	4.736504e-09	4.897988e+01	1.208349e+03
3.040000e-06	9.344153e-09	4.746148e-09	4.922557e+01	1.210615e+03
3.050000e-06	9.390137e-09	4.754742e-09	4.946781e+01	1.212844e+03
3.060000e-06	9.435451e-09	4.761881e-09	4.970653e+01	1.215037e+03
3.070000e-06	9.480143e-09	4.768430e-09	4.994197e+01	1.217195e+03
3.080000e-06	9.524298e-09	4.775689e-09	5.017458e+01	1.219319e+03
3.090000e-06	9.567944e-09	4.784164e-09	5.040452e+01	1.221412e+03
3.100000e-06	9.610976e-09	4.793442e-09	5.063121e+01	1.223474e+03
3.110000e-06	9.653203e-09	4.802826e-09	5.085367e+01	1.225509e+03
3.120000e-06	9.694508e-09	4.811762e-09	5.107126e+01	1.227517e+03
3.130000e-06	9.734958e-09	4.819713e-09	5.128435e+01	1.229501e+03
3.140000e-06	9.774715e-09	4.826743e-09	5.149379e+01	1.231459e+03
3.150000e-06	9.813847e-09	4.833430e-09	5.169994e+01	1.233393e+03
3.160000e-06	9.852325e-09	4.840225e-09	5.190265e+01	1.235302e+03
3.170000e-06	9.890096e-09	4.847833e-09	5.210163e+01	1.237184e+03
3.180000e-06	9.927147e-09	4.856521e-09	5.229681e+01	1.239039e+03
3.190000e-06	9.963543e-09	4.865288e-09	5.248855e+01	1.240865e+03
3.200000e-06	9.999386e-09	4.873087e-09	5.267738e+01	1.242660e+03
3.210000e-06	1.003465e-08	4.879689e-09	5.286316e+01	1.244422e+03
3.220000e-06	1.006914e-08	4.885233e-09	5.304484e+01	1.246150e+03
3.230000e-06	1.010267e-08	4.890342e-09	5.322148e+01	1.247843e+03
3.240000e-06	1.013529e-08	4.896114e-09	5.339332e+01	1.249501e+03
3.250000e-06	1.016718e-08	4.902836e-09	5.356133e+01	1.251124e+03
3.260000e-06	1.019845e-08	4.910148e-09	5.372604e+01	1.252712e+03
3.270000e-06	1.022905e-08	4.917699e-09	5.388727e+01	1.254265e+03
3.280000e-06	1.025894e-08	4.924836e-09	5.404473e+01	1.255786e+03
3.290000e-06	1.028810e-08	4.931065e-09	5.419831e+01	1.257276e+03
3.300000e-06	1.031656e-08	4.936477e-09	5.434827e+01	1.258734e+03
3.310000e-06	1.034445e-08	4.941555e-09	5.449518e+01	1.260163e+03
3.320000e-06	1.037173e-08	4.946598e-09	5.463891e+01	1.261563e+03
3.330000e-06	1.039815e-08	4.952171e-09	5.477810e+01	1.262934e+03
3.340000e-06	1.042352e-08	4.958336e-09	5.491174e+01	1.264275e+03
3.350000e-06	1.044794e-08	4.964342e-09	5.504038e+01	1.265587e+03
3.360000e-06	1.047162e-08	4.969723e-09	5.516510e+01	1.266867e+03
3.370000e-06	1.049461e-08	4.974368e-09	5.528621e+01	1.268115e+03
3.380000e-06	1.051688e-08	4.978738e-09	5.540357e+01	1.269329e+03
3.390000e-06	1.053844e-08	4.983239e-09	5.551713e+01	1.270507e+03
3.400000e-06	1.055927e-08	4.987827e-09	5.562689e+01	1.271649e+03
3.410000e-06	1.057947e-08	4.992461e-09	5.573327e+01	1.272754e+03
3.420000e-06	1.059910e-08	4.997247e-09	5.583669e+01	1.273821e+03
3.430000e-06	1.061807e-08	5.001848e-09	5.593663e+01	1.274849e+03
3.440000e-06	1.063622e-08	5.006041e-09	5.603224e+01	1.275840e+03
3.450000e-06	1.065355e-08	5.010150e-09	5.612352e+01	1.276793e+03
3.460000e-06	1.067014e-08	5.013949e-09	5.621092e+01	1.277708e+03
3.470000e-06	1.068593e-08	5.016977e-09	5.629411e+01	1.278587e+03
3.480000e-06	1.070080e-08	5.019846e-09	5.637247e+01	1.279430e+03
3.490000e-06	1.071481e-08	5.023537e-09	5.644628e+01	1.280238e+03
3.500000e-06	1.072804e-08	5.027991e-09	5.651596e+01	1.281011e+03
3.510000e-06	1.074050e-08	5.031862e-09	5.658162e+01	1.281749e+03
3.520000e-06	1.075221e-08	5.034034e-09	5.664329e+01	1.282451e+03
3.530000e-06	1.076302e-08	5.035377e-09	5.670026e+01	1.283116e+03
3.540000e-06	1.077272e-08	5.037186e-09	5.675135e+01	1.283745e+03
3.550000e-06	1.078136e-08	5.039321e-09	5.679685e+01	1.284336e+03
3.560000e-06	1.078923e-08	5.041341e-09	5.683831e+01	1.284887e+03
3.570000e-06	1.079645e-08	5.043190e-09	5.687634e+01	1.285399e+03
3.580000e-06	1.080294e-08	5.044991e-09	5.691051e+01	1.285870e+03
3.590000e-06	1.080865e-08	5.046939e-09	5.694060e+01	1.286300e+03
3.600000e-06	1.081359e-08	5.048662e-09	5.696662e+01	1.286689e+03
3.610000e-06	1.081785e-08	5.049510e-09	5.698910e+01	1.287036e+03
3.620000e-06	1.082156e-08	5.049661e-09	5.700865e+01	1.287342e+03
3.630000e-06	1.082460e-08	5.050018e-09	5.702463e+01	1.287609e+03
3.640000e-06	1.082664e-08	5.051048e-09	5.703540e+01	1.287835e+03
3.650000e-06	1.082762e-08	5.052279e-09	5.704052e+01	1.288023e+03
3.660000e-06	1.082775e-08	5.052569e-09	5.704125e+01	1.288172e+03
3.670000e-06	1.082725e-08	5.051818e-09	5.703859e+01	1.288285e+03
3.680000e-06	1.082606e-08	5.051359e-09	5.703235e+01	1.288360e+03
3.690000e-06	1.082416e-08	5.051674e-09	5.702234e+01	1.288401e+03
3.700000e-06	1.082156e-08	5.051988e-09	5.700861e+01	1.288406e+03
3.710000e-06	1.081826e-08	5.051256e-09	5.699122e+01	1.288378e+03
3.720000e-06	1.081437e-08	5.049648e-09	5.697075e+01	1.288318e+03
3.730000e-06	1.080999e-08	5.047072e-09	5.694767e+01	1.288227e+03
3.740000e-06	1.080493e-08	5.041537e-09	5.692099e+01	1.288109e+03
3.750000e-06	1.079886e-08	5.041959e-09	5.688906e+01	1.287966e+03
3.760000e-06	1.079158e-08	5.062978e-09	5.685069e+01	1.287803e+03
3.770000e-06	1.078293e-08	5.080670e-09	5.680511e+01	1.287624e+03
3.780000e-06	1.077291e-08	5.054804e-09	5.675235e+01	1.287435e+03
3.790000e-06	1.076211e-08	5.008993e-09	5.669544e+01	1.287241e+03
3.800000e-06	1.075130e-08	5.015152e-09	5.663851e+01	1.287048e+03
3.810000e-06	1.074035e-08	5.064442e-09	5.658080e+01	1.286861e+03
3.820000e-06	1.072829e-08	5.063599e-09	5.651728e+01	1.286687e+03
3.830000e-06	1.071497e-08	5.019122e-09	5.644708e+01	1.286529e+03
3.840000e-06	1.070108e-08	5.027585e-09	5.637391e+01	1.286391e+03
3.850000e-06	1.068658e-08	5.060496e-09	5.629756e+01	1.286276e+03
3.860000e-06	1.067092e-08	5.031985e-09	5.621504e+01	1.286182e+03
3.870000e-06	1.065435e-08	5.008228e-09	5.612774e+01	1.286111e+03
3.880000e-06	1.063731e-08	5.056994e-09	5.603796e+01	1.286058e+03
3.890000e-06	1.061953e-08	5.074046e-09	5.594431e+01	1.286021e+03
3.900000e-06	1.060083e-08	5.018245e-09	5.584583e+01	1.285994e+03
3.910000e-06	1.058151e-08	5.010655e-09	5.574401e+01	1.285972e+03
3.920000e-06	1.056156e-08	5.045637e-09	5.563890e+01	1.285946e+03
3.930000e-06	1.054064e-08	5.022610e-09	5.552871e+01	1.285912e+03
3.940000e-06	1.051872e-08	5.007460e-09	5.541323e+01	1.285861e+03
3.950000e-06	1.049591e-08	5.062375e-09	5.529307e+01	1.285788e+03
3.960000e-06	1.047227e-08	5.077629e-09	5.516855e+01	1.285686e+03
3.970000e-06	1.044798e-08	5.043803e-09	5.504060e+01	1.285550e+03
3.980000e-06	1.042309e-08	5.064458e-09	5.490946e+01	1.285376e+03
3.990000e-06	1.039745e-08	5.080109e-09	5.477436e+01	1.285160e+03
4.000000e-06	1.037106e-08	5.029809e-09	5.463538e+01	1.284897e+03
4.010000e-06	1.034403e-08	5.020468e-09	5.449296e+01	1.284586e+03
4.020000e-06	1.031632e-08	5.049043e-09	5.434696e+01	1.284221e+03
4.030000e-06	1.028799e-08	5.018129e-09	5.419772e+01	1.283800e+03
4.040000e-06	1.025899e-08	5.006171e-09	5.404495e+01	1.283319e+03
4.050000e-06	1.022900e-08	5.047561e-09	5.388696e+01	1.282774e+03
4.060000e-06	1.019793e-08	5.035572e-09	5.372328e+01	1.282160e+03
4.070000e-06	1.016599e-08	5.022540e-09	5.355505e+01	1.281472e+03
4.080000e-06	1.013328e-08	5.063096e-09	5.338272e+01	1.280705e+03
4.090000e-06	1.009984e-08	5.053840e-09	5.320657e+01	1.279854e+03
4.100000e-06	1.006578e-08	5.030716e-09	5.302714e+01	1.278915e+03
4.110000e-06	1.003110e-08	5.059170e-09	5.284444e+01	1.277883e+03
4.120000e-06	9.995801e-09	5.049725e-09	5.265847e+01	1.276756e+03
4.130000e-06	9.959938e-09	5.024457e-09	5.246954e+01	1.275533e+03
4.140000e-06	9.923483e-09	5.041709e-09	5.227750e+01	1.274214e+03
4.150000e-06	9.886263e-09	5.032072e-09	5.208142e+01	1.272802e+03
4.160000e-06	9.848089e-09	5.011465e-09	5.188032e+01	1.271301e+03
4.170000e-06	9.808955e-09	5.020536e-09	5.167416e+01	1.269717e+03
4.180000e-06	9.769038e-09	5.009350e-09	5.146387e+01	1.268055e+03
4.190000e-06	9.728485e-09	4.992480e-09	5.125024e+01	1.266324e+03
4.200000e-06	9.687288e-09	4.996828e-09	5.103321e+01	1.264533e+03
4.210000e-06	9.645376e-09	4.987123e-09	5.081241e+01	1.262688e+03
4.220000e-06	9.602743e-09	4.974539e-09	5.058782e+01	1.260798e+03
4.230000e-06	9.559447e-09	4.975536e-09	5.035973e+01	1.258868e+03
4.240000e-06	9.515586e-09	4.964721e-09	5.012866e+01	1.256905e+03
4.250000e-06	9.471207e-09	4.949963e-09	4.989487e+01	1.254911e+03
4.260000e-06	9.426259e-09	4.945225e-09	4.965808e+01	1.252888e+03
4.270000e-06	9.380657e-09	4.937757e-09	4.941785e+01	1.250837e+03
4.280000e-06	9.334360e-09	4.929204e-09	4.917396e+01	1.248755e+03
4.290000e-06	9.287390e-09	4.923936e-09	4.892652e+01	1.246641e+03
4.300000e-06	9.239760e-09	4.913922e-09	4.867559e+01	1.244490e+03
4.310000e-06	9.191406e-09	4.902875e-09	4.842087e+01	1.242301e+03
4.320000e-06	9.142246e-09	4.894667e-09	4.816189e+01	1.240068e+03
4.330000e-06	9.092298e-09	4.883490e-09	4.789876e+01	1.237790e+03
4.340000e-06	9.041646e-09	4.872538e-09	4.763192e+01	1.235463e+03
4.350000e-06	8.990294e-09	4.864887e-09	4.736139e+01	1.233086e+03
4.360000e-06	8.938168e-09	4.854654e-09	4.708679e+01	1.230660e+03
4.370000e-06	8.885219e-09	4.845062e-09	4.680786e+01	1.228185e+03
4.380000e-06	8.831439e-09	4.838197e-09	4.652455e+01	1.225663e+03
4.390000e-06	8.776872e-09	4.825940e-09	4.623708e+01	1.223096e+03
4.400000e-06	8.721611e-09	4.811776e-09	4.594597e+01	1.220486e+03
4.410000e-06	8.665720e-09	4.802615e-09	4.565153e+01	1.217837e+03
4.420000e-06	8.609241e-09	4.792901e-09	4.535399e+01	1.215151e+03
4.430000e-06	8.552196e-09	4.780977e-09	4.505348e+01	1.212428e+03
4.440000e-06	8.494565e-09	4.771302e-09	4.474987e+01	1.209671e+03
4.450000e-06	8.436318e-09	4.761737e-09	4.444302e+01	1.206877e+03
4.460000e-06	8.377457e-09	4.749742e-09	4.413294e+01	1.204047e+03
4.470000e-06	8.318013e-09	4.737531e-09	4.381978e+01	1.201179e+03
4.480000e-06	8.257991e-09	4.725895e-09	4.350358e+01	1.198269e+03
4.490000e-06	8.197354e-09	4.713132e-09	4.318414e+01	1.195314e+03
4.500000e-06	8.136040e-09	4.699968e-09	4.286114e+01	1.192312e+03
4.510000e-06	8.074019e-09	4.688459e-09	4.253441e+01	1.189260e+03
4.520000e-06	8.011310e-09	4.677463e-09	4.220406e+01	1.186154e+03
4.530000e-06	7.947966e-09	4.664383e-09	4.187035e+01	1.182993e+03
4.540000e-06	7.884077e-09	4.650202e-09	4.153379e+01	1.179777e+03
4.550000e-06	7.819705e-09	4.637103e-09	4.119466e+01	1.176504e+03
4.560000e-06	7.754843e-09	4.624207e-09	4.085297e+01	1.173176e+03
4.570000e-06	7.689456e-09	4.610179e-09	4.050850e+01	1.169793e+03
4.580000e-06	7.623509e-09	4.596123e-09	4.016109e+01	1.166357e+03
4.590000e-06	7.557007e-09	4.582308e-09	3.981075e+01	1.162869e+03
4.600000e-06	7.489994e-09	4.567892e-09	3.945772e+01	1.159331e+03
4.610000e-06	7.422496e-09	4.553491e-09	3.910214e+01	1.155744e+03
4.620000e-06	7.354482e-09	4.539445e-09	3.874383e+01	1.152107e+03
4.630000e-06	7.285917e-09	4.524667e-09	3.838263e+01	1.148422e+03
4.640000e-06	7.216788e-09	4.509238e-09	3.801845e+01	1.144686e+03
4.650000e-06	7.147096e-09	4.494213e-09	3.765132e+01	1.140898e+03
4.660000e-06	7.076846e-09	4.479272e-09	3.728124e+01	1.137056e+03
4.670000e-06	7.006048e-09	4.463477e-09	3.690827e+01	1.133156e+03
4.680000e-06	6.934723e-09	4.447044e-09	3.653253e+01	1.129197e+03
4.690000e-06	6.862895e-09	4.430698e-09	3.615414e+01	1.125175e+03
4.700000e-06	6.790578e-09	4.414493e-09	3.577316e+01	1.121088e+03
4.710000e-06	6.717797e-09	4.397934e-09	3.538975e+01	1.116934e+03
4.720000e-06	6.644565e-09	4.380647e-09	3.500395e+01	1.112712e+03
4.730000e-06	6.570872e-09	4.363304e-09	3.461573e+01	1.108422e+03
4.740000e-06	6.496704e-09	4.346271e-09	3.422501e+01	1.104063e+03
4.750000e-06	6.422051e-09	4.328851e-09	3.383174e+01	1.099635e+03
4.760000e-06	6.346919e-09	4.310788e-09	3.343594e+01	1.095140e+03
4.770000e-06	6.271305e-09	4.292562e-09	3.303760e+01	1.090577e+03
4.780000e-06	6.195186e-09	4.274236e-09	3.263660e+01	1.085947e+03
4.790000e-06	6.118538e-09	4.255746e-09	3.223281e+01	1.081250e+03
4.800000e-06	6.041367e-09	4.236997e-09	3.182628e+01	1.076484e+03
4.810000e-06	5.963700e-09	4.217549e-09	3.141712e+01	1.071648e+03
4.820000e-06	5.885561e-09	4.197336e-09	3.100549e+01	1.066740e+03
4.830000e-06	5.806966e-09	4.177181e-09	3.059145e+01	1.061756e+03
4.840000e-06	5.727904e-09	4.157374e-09	3.017495e+01	1.056694e+03
4.850000e-06	5.648344e-09	4.137352e-09	2.975582e+01	1.051550e+03
4.860000e-06	5.568290e-09	4.116810e-09	2.933409e+01	1.046320e+03
4.870000e-06	5.487790e-09	4.095916e-09	2.891001e+01	1.041001e+03
4.880000e-06	5.406896e-09	4.074738e-09	2.848385e+01	1.035592e+03
4.890000e-06	5.325650e-09	4.053014e-09	2.805584e+01	1.030090e+03
4.900000e-06	5.244072e-09	4.030544e-09	2.762608e+01	1.024496e+03
4.910000e-06	5.162167e-09	4.007672e-09	2.719460e+01	1.018808e+03
4.920000e-06	5.079933e-09	3.984917e-09	2.676139e+01	1.013029e+03
4.930000e-06	4.997376e-09	3.962371e-09	2.632647e+01	1.007159e+03
4.940000e-06	4.914527e-09	3.939877e-09	2.589001e+01	1.001201e+03
4.950000e-06	4.831402e-09	3.916845e-09	2.545211e+01	9.951550e+02
4.960000e-06	4.748000e-09	3.892712e-09	2.501274e+01	9.890219e+02
4.970000e-06	4.664303e-09	3.867887e-09	2.457181e+01	9.828013e+02
4.980000e-06	4.580282e-09	3.843270e-09	2.412919e+01	9.764913e+02
4.990000e-06	4.495904e-09	3.818837e-09	2.368467e+01	9.700884e+02
5.000000e-06	4.411138e-09	3.793692e-09	2.323812e+01	9.635879e+02
5.010000e-06	4.325979e-09	3.767473e-09	2.278950e+01	9.569830e+02
5.020000e-06	4.240448e-09	3.740652e-09	2.233892e+01	9.502661e+02
5.030000e-06	4.154594e-09	3.713511e-09	2.188664e+01	9.434284e+02
5.040000e-06	4.068442e-09	3.685829e-09	2.143279e+01	9.364606e+02
5.050000e-06	3.981999e-09	3.657489e-09	2.097741e+01	9.293535e+02
5.060000e-06	3.895266e-09	3.628714e-09	2.052049e+01	9.220984e+02
5.070000e-06	3.808242e-09	3.599606e-09	2.006205e+01	9.146875e+02
5.080000e-06	3.720924e-09	3.570018e-09	1.960206e+01	9.071143e+02
5.090000e-06	3.633306e-09	3.539645e-09	1.914048e+01	8.993740e+02
5.100000e-06	3.545395e-09	3.508242e-09	1.867735e+01	8.914633e+02
5.110000e-06	3.457208e-09	3.475901e-09	1.821278e+01	8.833804e+02
5.120000e-06	3.368760e-09	3.443015e-09	1.774683e+01	8.751250e+02
5.130000e-06	3.280064e-09	3.409821e-09	1.727957e+01	8.666974e+02
5.140000e-06	3.191130e-09	3.376279e-09	1.681106e+01	8.580988e+02
5.150000e-06	3.101974e-09	3.342291e-09	1.634138e+01	8.493297e+02
5.160000e-06	3.012618e-09	3.307386e-09	1.587064e+01	8.403905e+02
5.170000e-06	2.923073e-09	3.271292e-09	1.539892e+01	8.312801e+02
5.180000e-06	2.833363e-09	3.234355e-09	1.492631e+01	8.219960e+02
5.190000e-06	2.743505e-09	3.196554e-09	1.445294e+01	8.125339e+02
5.200000e-06	2.653497e-09	3.157730e-09	1.397877e+01	8.028876e+02
5.210000e-06	2.563337e-09	3.118359e-09	1.350380e+01	7.930489e+02
5.220000e-06	2.473028e-09	3.078933e-09	1.302805e+01	7.830080e+02
5.230000e-06	2.382566e-09	3.038980e-09	1.255149e+01	7.727538e+02
5.240000e-06	2.291954e-09	2.998190e-09	1.207414e+01	7.622739e+02
5.250000e-06	2.201185e-09	2.957100e-09	1.159596e+01	7.515555e+02
5.260000e-06	2.110252e-09	2.915108e-09	1.111692e+01	7.405853e+02
5.270000e-06	2.019168e-09	2.871007e-09	1.063708e+01	7.293501e+02
5.280000e-06	1.927936e-09	2.825459e-09	1.015646e+01	7.178368e+02
5.290000e-06	1.836554e-09	2.779291e-09	9.675050e+00	7.060325e+02
5.300000e-06	1.745026e-09	2.731785e-09	9.192875e+00	6.939243e+02
5.310000e-06	1.653372e-09	2.682530e-09	8.710035e+00	6.814990e+02
5.320000e-06	1.561625e-09	2.632126e-09	8.226705e+00	6.687430e+02
5.330000e-06	1.469807e-09	2.580776e-09	7.743000e+00	6.556412e+02
5.340000e-06	1.377921e-09	2.528232e-09	7.258942e+00	6.421773e+02
5.350000e-06	1.285966e-09	2.474331e-09	6.774517e+00	6.283327e+02
5.360000e-06	1.193930e-09	2.418642e-09	6.289660e+00	6.140867e+02
5.370000e-06	1.101798e-09	2.361228e-09	5.804307e+00	5.994158e+02
5.380000e-06	1.009566e-09	2.302106e-09	5.318420e+00	5.842943e+02
5.390000e-06	9.172315e-10	2.241005e-09	4.831997e+00	5.686940e+02
5.400000e-06	8.247904e-10	2.177717e-09	4.345012e+00	5.525853e+02
5.410000e-06	7.322521e-10	2.111753e-09	3.857515e+00	5.359373e+02
5.420000e-06	6.396475e-10	2.043296e-09	3.369668e+00	5.187192e+02
5.430000e-06	5.469892e-10	1.973126e-09	2.881540e+00	5.009010e+02
5.440000e-06	4.542845e-10	1.901609e-09	2.393166e+00	4.824547e+02
5.450000e-06	3.615515e-10	1.828210e-09	1.904644e+00	4.633556e+02
5.460000e-06	2.688113e-10	1.751937e-09	1.416084e+00	4.435828e+02
5.470000e-06	1.760829e-10	1.672503e-09	9.275858e-01	4.231206e+02
5.480000e-06	8.337443e-11	1.590020e-09	4.391929e-01	4.019587e+02
5.490000e-06	-9.309090e-12	1.504166e-09	-4.906868e-02	3.800930e+02
5.500000e-06	-1.019746e-10	1.414698e-09	-5.372353e-01	3.575254e+02
5.510000e-06	-1.946250e-10	1.322595e-09	-1.025323e+00	3.342637e+02
5.520000e-06	-2.872622e-10	1.229176e-09	-1.513341e+00	3.103217e+02
5.530000e-06	-3.798985e-10	1.134057e-09	-2.001354e+00	2.857183e+02
5.540000e-06	-4.725311e-10	1.036008e-09	-2.489347e+00	2.604768e+02
5.550000e-06	-5.651490e-10	9.345202e-10	-2.977263e+00	2.346245e+02
5.560000e-06	-6.577369e-10	8.300673e-10	-3.465021e+00	2.081922e+02
5.570000e-06	-7.502720e-10	7.236892e-10	-3.952501e+00	1.812128e+02
5.580000e-06	-8.427357e-10	6.157134e-10	-4.439606e+00	1.537218e+02
5.590000e-06	-9.351103e-10	5.058030e-10	-4.926240e+00	1.257561e+02
5.600000e-06	-1.027375e-09	3.943618e-10	-5.412297e+00	9.735453e+01
5.610000e-06	-1.119521e-09	2.821672e-10	-5.897727e+00	6.855727e+01
5.620000e-06	-1.211544e-09	1.692926e-10	-6.382513e+00	3.940629e+01
5.630000e-06	-1.303450e-09	5.505919e-11	-6.866680e+00	9.945465e+00
5.640000e-06	-1.395253e-09	-6.142815e-11	-7.350301e+00	-1.977918e+01
5.650000e-06	-1.486965e-09	-1.800714e-10	-7.833448e+00	-4.971916e+01
5.660000e-06	-1.578586e-09	-2.993579e-10	-8.316115e+00	-7.982339e+01
5.670000e-06	-1.670107e-09	-4.181491e-10	-8.798253e+00	-1.100380e+02
5.680000e-06	-1.761523e-09	-5.367636e-10	-9.279838e+00	-1.403064e+02
5.690000e-06	-1.852824e-09	-6.559224e-10	-9.760818e+00	-1.705696e+02
5.700000e-06	-1.943998e-09	-7.755031e-10	-1.024113e+01	-2.007663e+02
5.710000e-06	-2.035040e-09	-8.944267e-10	-1.072075e+01	-2.308337e+02
5.720000e-06	-2.125942e-09	-1.011970e-09	-1.119963e+01	-2.607078e+02
5.730000e-06	-2.216691e-09	-1.128433e-09	-1.167770e+01	-2.903246e+02
5.740000e-06	-2.307274e-09	-1.244103e-09	-1.215489e+01	-3.196204e+02
5.750000e-06	-2.397672e-09	-1.358464e-09	-1.263112e+01	-3.485331e+02
5.760000e-06	-2.487885e-09	-1.470634e-09	-1.310636e+01	-3.770026e+02
5.770000e-06	-2.577912e-09	-1.580268e-09	-1.358063e+01	-4.049717e+02
5.780000e-06	-2.667772e-09	-1.687682e-09	-1.405402e+01	-4.323869e+02
5.790000e-06	-2.757480e-09	-1.793430e-09	-1.452661e+01	-4.591986e+02
5.800000e-06	-2.847038e-09	-1.897375e-09	-1.499841e+01	-4.853616e+02
5.810000e-06	-2.936447e-09	-1.998387e-09	-1.546942e+01	-5.108356e+02
5.820000e-06	-3.025684e-09	-2.095781e-09	-1.593953e+01	-5.355854e+02
5.830000e-06	-3.114729e-09	-2.190293e-09	-1.640862e+01	-5.595809e+02
5.840000e-06	-3.203567e-09	-2.282508e-09	-1.687663e+01	-5.827973e+02
5.850000e-06	-3.292179e-09	-2.371844e-09	-1.734344e+01	-6.052153e+02
5.860000e-06	-3.380545e-09	-2.457741e-09	-1.780896e+01	-6.268212e+02
5.870000e-06	-3.468651e-09	-2.540183e-09	-1.827312e+01	-6.476068e+02
5.880000e-06	-3.556479e-09	-2.619397e-09	-1.873580e+01	-6.675696e+02
5.890000e-06	-3.644003e-09	-2.695519e-09	-1.919688e+01	-6.867131e+02
5.900000e-06	-3.731212e-09	-2.768352e-09	-1.965630e+01	-7.050462e+02
5.910000e-06	-3.818104e-09	-2.837451e-09	-2.011405e+01	-7.225837e+02
5.920000e-06	-3.904692e-09	-2.902787e-09	-2.057020e+01	-7.393458e+02
5.930000e-06	-3.990990e-09	-2.965360e-09	-2.102482e+01	-7.553579e+02
5.940000e-06	-4.077011e-09	-3.026090e-09	-2.147798e+01	-7.706502e+02
5.950000e-06	-4.162759e-09	-3.084436e-09	-2.192970e+01	-7.852567e+02
5.960000e-06	-4.248221e-09	-3.139802e-09	-2.237992e+01	-7.992149e+02
5.970000e-06	-4.333370e-09	-3.192960e-09	-2.282849e+01	-8.125644e+02
5.980000e-06	-4.418171e-09	-3.244500e-09	-2.327523e+01	-8.253462e+02
5.990000e-06	-4.502596e-09	-3.293825e-09	-2.371998e+01	-8.376015e+02
6.000000e-06	-4.586640e-09	-3.340191e-09	-2.416273e+01	-8.493703e+02
6.010000e-06	-4.670326e-09	-3.383767e-09	-2.460360e+01	-8.606910e+02
6.020000e-06	-4.753683e-09	-3.425710e-09	-2.504273e+01	-8.715986e+02
6.030000e-06	-4.836724e-09	-3.467370e-09	-2.548019e+01	-8.821250e+02
6.040000e-06	-4.919447e-09	-3.508788e-09	-2.591599e+01	-8.922977e+02
6.050000e-06	-5.001844e-09	-3.548972e-09	-2.635006e+01	-9.021398e+02
6.060000e-06	-5.083911e-09	-3.587396e-09	-2.678239e+01	-9.116702e+02
6.070000e-06	-5.165652e-09	-3.624007e-09	-2.721301e+01	-9.209039e+02
6.080000e-06	-5.247082e-09	-3.658971e-09	-2.764199e+01	-9.298522e+02
6.090000e-06	-5.328205e-09	-3.692396e-09	-2.806935e+01	-9.385240e+02
6.100000e-06	-5.409003e-09	-3.724542e-09	-2.849500e+01	-9.469258e+02
6.110000e-06	-5.489440e-09	-3.756175e-09	-2.891875e+01	-9.550637e+02
6.120000e-06	-5.569453e-09	-3.787732e-09	-2.934026e+01	-9.629431e+02
6.130000e-06	-5.648992e-09	-3.819156e-09	-2.975928e+01	-9.705703e+02
6.140000e-06	-5.728031e-09	-3.850048e-09	-3.017566e+01	-9.779528e+02
6.150000e-06	-5.806572e-09	-3.879394e-09	-3.058941e+01	-9.850996e+02
6.160000e-06	-5.884619e-09	-3.906611e-09	-3.100056e+01	-9.920216e+02
6.170000e-06	-5.962158e-09	-3.932226e-09	-3.140904e+01	-9.987314e+02
6.180000e-06	-6.039158e-09	-3.957165e-09	-3.181468e+01	-1.005243e+03
6.190000e-06	-6.115606e-09	-3.981709e-09	-3.221741e+01	-1.011572e+03
6.200000e-06	-6.191529e-09	-4.005627e-09	-3.261738e+01	-1.017733e+03
6.210000e-06	-6.266984e-09	-4.029248e-09	-3.301488e+01	-1.023743e+03
6.220000e-06	-6.342007e-09	-4.052925e-09	-3.341010e+01	-1.029615e+03
6.230000e-06	-6.416587e-09	-4.076334e-09	-3.380299e+01	-1.035362e+03
6.240000e-06	-6.490710e-09	-4.099046e-09	-3.419348e+01	-1.040996e+03
6.250000e-06	-6.564372e-09	-4.120571e-09	-3.458153e+01	-1.046526e+03
6.260000e-06	-6.637593e-09	-4.141041e-09	-3.496727e+01	-1.051958e+03
6.270000e-06	-6.710404e-09	-4.161267e-09	-3.535084e+01	-1.057297e+03
6.280000e-06	-6.782781e-09	-4.181701e-09	-3.573213e+01	-1.062544e+03
6.290000e-06	-6.854682e-09	-4.202261e-09	-3.611091e+01	-1.067699e+03
6.300000e-06	-6.926069e-09	-4.222458e-09	-3.648698e+01	-1.072761e+03
6.310000e-06	-6.996906e-09	-4.242099e-09	-3.686015e+01	-1.077728e+03
6.320000e-06	-7.067175e-09	-4.261249e-09	-3.723033e+01	-1.082599e+03
6.330000e-06	-7.136877e-09	-4.279991e-09	-3.759752e+01	-1.087369e+03
6.340000e-06	-7.206022e-09	-4.298441e-09	-3.796178e+01	-1.092040e+03
6.350000e-06	-7.274621e-09	-4.316457e-09	-3.832316e+01	-1.096608e+03
6.360000e-06	-7.342691e-09	-4.333838e-09	-3.868176e+01	-1.101076e+03
6.370000e-06	-7.410272e-09	-4.350988e-09	-3.903778e+01	-1.105444e+03
6.380000e-06	-7.477386e-09	-4.368380e-09	-3.939135e+01	-1.109714e+03
6.390000e-06	-7.544011e-09	-4.385704e-09	-3.974233e+01	-1.113891e+03
6.400000e-06	-7.610109e-09	-4.402375e-09	-4.009054e+01	-1.117977e+03
6.410000e-06	-7.675666e-09	-4.418117e-09	-4.043590e+01	-1.121977e+03
6.420000e-06	-7.740698e-09	-4.433253e-09	-4.077849e+01	-1.125893e+03
6.430000e-06	-7.805221e-09	-4.448372e-09	-4.111840e+01	-1.129729e+03
6.440000e-06	-7.869215e-09	-4.463679e-09	-4.145553e+01	-1.133488e+03
6.450000e-06	-7.932643e-09	-4.478807e-09	-4.178967e+01	-1.137171e+03
6.460000e-06	-7.995458e-09	-4.493481e-09	-4.212058e+01	-1.140780e+03
6.470000e-06	-8.057621e-09	-4.507967e-09	-4.244806e+01	-1.144314e+03
6.480000e-06	-8.119121e-09	-4.522508e-09	-4.277204e+01	-1.147775e+03
6.490000e-06	-8.179983e-09	-4.536710e-09	-4.309267e+01	-1.151160e+03
6.500000e-06	-8.240259e-09	-4.549925e-09	-4.341020e+01	-1.154471e+03
6.510000e-06	-8.299979e-09	-4.562265e-09	-4.372481e+01	-1.157708e+03
6.520000e-06	-8.359157e-09	-4.574670e-09	-4.403657e+01	-1.160870e+03
6.530000e-06	-8.417765e-09	-4.587637e-09	-4.434532e+01	-1.163960e+03
6.540000e-06	-8.475753e-09	-4.600714e-09	-4.465080e+01	-1.166979e+03
6.550000e-06	-8.533114e-09	-4.613104e-09	-4.495298e+01	-1.169930e+03
6.560000e-06	-8.589890e-09	-4.624577e-09	-4.525208e+01	-1.172815e+03
6.570000e-06	-8.646094e-09	-4.635571e-09	-4.554817e+01	-1.175640e+03
6.580000e-06	-8.701677e-09	-4.646407e-09	-4.584098e+01	-1.178408e+03
6.590000e-06	-8.756546e-09	-4.657201e-09	-4.613003e+01	-1.181123e+03
6.600000e-06	-8.810629e-09	-4.667941e-09	-4.641495e+01	-1.183789e+03
6.610000e-06	-8.863919e-09	-4.678499e-09	-4.669568e+01	-1.186410e+03
6.620000e-06	-8.916442e-09	-4.688958e-09	-4.697237e+01	-1.188988e+03
6.630000e-06	-8.968253e-09	-4.699438e-09	-4.724531e+01	-1.191526e+03
6.640000e-06	-9.019391e-09	-4.709677e-09	-4.751471e+01	-1.194026e+03
6.650000e-06	-9.069823e-09	-4.719323e-09	-4.778039e+01	-1.196488e+03
6.660000e-06	-9.119454e-09	-4.728484e-09	-4.804184e+01	-1.198913e+03
6.670000e-06	-9.168201e-09	-4.737776e-09	-4.829864e+01	-1.201301e+03
6.680000e-06	-9.216057e-09	-4.747447e-09	-4.855075e+01	-1.203652e+03
6.690000e-06	-9.263139e-09	-4.757019e-09	-4.879878e+01	-1.205965e+03
6.700000e-06	-9.309585e-09	-4.766133e-09	-4.904346e+01	-1.208240e+03
6.710000e-06	-9.355454e-09	-4.774876e-09	-4.928510e+01	-1.210478e+03
6.720000e-06	-9.400752e-09	-4.783303e-09	-4.952373e+01	-1.212680e+03
6.730000e-06	-9.445488e-09	-4.791603e-09	-4.975941e+01	-1.214846e+03
6.740000e-06	-9.489698e-09	-4.799930e-09	-4.999231e+01	-1.216978e+03
6.750000e-06	-9.533388e-09	-4.808097e-09	-5.022247e+01	-1.219078e+03
6.760000e-06	-9.576509e-09	-4.816190e-09	-5.044964e+01	-1.221148e+03
6.770000e-06	-9.619008e-09	-4.824301e-09	-5.067352e+01	-1.223189e+03
6.780000e-06	-9.660850e-09	-4.832096e-09	-5.089395e+01	-1.225204e+03
6.790000e-06	-9.702029e-09	-4.839653e-09	-5.111088e+01	-1.227193e+03
6.800000e-06	-9.742581e-09	-4.847023e-09	-5.132452e+01	-1.229157e+03
6.810000e-06	-9.782535e-09	-4.854058e-09	-5.153499e+01	-1.231097e+03
6.820000e-06	-9.821795e-09	-4.861365e-09	-5.174182e+01	-1.233012e+03
6.830000e-06	-9.860177e-09	-4.869222e-09	-5.194401e+01	-1.234900e+03
6.840000e-06	-9.897619e-09	-4.876975e-09	-5.214126e+01	-1.236762e+03
6.850000e-06	-9.934258e-09	-4.884295e-09	-5.233428e+01	-1.238595e+03
6.860000e-06	-9.970252e-09	-4.891199e-09	-5.252389e+01	-1.240397e+03
6.870000e-06	-1.000563e-08	-4.897614e-09	-5.271024e+01	-1.242168e+03
6.880000e-06	-1.004033e-08	-4.903807e-09	-5.289305e+01	-1.243904e+03
6.890000e-06	-1.007432e-08	-4.909986e-09	-5.307214e+01	-1.245606e+03
6.900000e-06	-1.010761e-08	-4.916130e-09	-5.324753e+01	-1.247272e+03
6.910000e-06	-1.014025e-08	-4.922354e-09	-5.341944e+01	-1.248904e+03
6.920000e-06	-1.017227e-08	-4.928661e-09	-5.358811e+01	-1.250500e+03
6.930000e-06	-1.020356e-08	-4.934851e-09	-5.375299e+01	-1.252062e+03
6.940000e-06	-1.023391e-08	-4.940727e-09	-5.391288e+01	-1.253591e+03
6.950000e-06	-1.026325e-08	-4.946322e-09	-5.406741e+01	-1.255088e+03
6.960000e-06	-1.029175e-08	-4.951819e-09	-5.421758e+01	-1.256554e+03
6.970000e-06	-1.031962e-08	-4.957105e-09	-5.436437e+01	-1.257990e+03
6.980000e-06	-1.034683e-08	-4.962199e-09	-5.450771e+01	-1.259397e+03
6.990000e-06	-1.037329e-08	-4.967465e-09	-5.464713e+01	-1.260775e+03
7.000000e-06	-1.039899e-08	-4.972896e-09	-5.478251e+01	-1.262123e+03
7.010000e-06	-1.042396e-08	-4.978270e-09	-5.491404e+01	-1.263442e+03
7.020000e-06	-1.044832e-08	-4.983343e-09	-5.504237e+01	-1.264730e+03
7.030000e-06	-1.047212e-08	-4.988082e-09	-5.516779e+01	-1.265985e+03
7.040000e-06	-1.049518e-08	-4.992603e-09	-5.528926e+01	-1.267207e+03
7.050000e-06	-1.051723e-08	-4.996931e-09	-5.540540e+01	-1.268395e+03
7.060000e-06	-1.053827e-08	-5.001210e-09	-5.551622e+01	-1.269546e+03
7.070000e-06	-1.055855e-08	-5.005471e-09	-5.562306e+01	-1.270660e+03
7.080000e-06	-1.057820e-08	-5.009573e-09	-5.572661e+01	-1.271736e+03
7.090000e-06	-1.059717e-08	-5.013423e-09	-5.582653e+01	-1.272774e+03
7.100000e-06	-1.061540e-08	-5.017086e-09	-5.592258e+01	-1.273773e+03
7.110000e-06	-1.063289e-08	-5.020827e-09	-5.601471e+01	-1.274735e+03
7.120000e-06	-1.064967e-08	-5.024770e-09	-5.610310e+01	-1.275660e+03
7.130000e-06	-1.066584e-08	-5.028737e-09	-5.618829e+01	-1.276548e+03
7.140000e-06	-1.068133e-08	-5.032450e-09	-5.626989e+01	-1.277400e+03
7.150000e-06	-1.069582e-08	-5.035918e-09	-5.634623e+01	-1.278216e+03
7.160000e-06	-1.070916e-08	-5.039290e-09	-5.641648e+01	-1.278997e+03
7.170000e-06	-1.072154e-08	-5.042344e-09	-5.648172e+01	-1.279743e+03
7.180000e-06	-1.073315e-08	-5.044982e-09	-5.654289e+01	-1.280453e+03
7.190000e-06	-1.074400e-08	-5.047401e-09	-5.660001e+01	-1.281128e+03
7.200000e-06	-1.075408e-08	-5.050111e-09	-5.665313e+01	-1.281765e+03
7.210000e-06	-1.076340e-08	-5.052921e-09	-5.670226e+01	-1.282365e+03
7.220000e-06	-1.077202e-08	-5.055036e-09	-5.674763e+01	-1.282926e+03
7.230000e-06	-1.078003e-08	-5.056417e-09	-5.678983e+01	-1.283448e+03
7.240000e-06	-1.078733e-08	-5.057672e-09	-5.682830e+01	-1.283929e+03
7.250000e-06	-1.079363e-08	-5.059677e-09	-5.686151e+01	-1.284369e+03
7.260000e-06	-1.079887e-08	-5.062390e-09	-5.688912e+01	-1.284767e+03
7.270000e-06	-1.080330e-08	-5.064944e-09	-5.691245e+01	-1.285125e+03
7.280000e-06	-1.080712e-08	-5.066768e-09	-5.693258e+01	-1.285441e+03
7.290000e-06	-1.081028e-08	-5.067984e-09	-5.694921e+01	-1.285717e+03
7.300000e-06	-1.081273e-08	-5.068630e-09	-5.696213e+01	-1.285953e+03
7.310000e-06	-1.081447e-08	-5.069028e-09	-5.697125e+01	-1.286150e+03
7.320000e-06	-1.081541e-08	-5.069855e-09	-5.697620e+01	-1.286308e+03
