# Temperatura_=_-3.515123456790122
# Concentracion g/m^3_=_19900.0
# C_Vs_to_Am_M_A/Vsm_=_254322799225.57578
# pendiente_HvsI_1/m_=_3716.3
# ordenada_HvsI_A/m_=_1297.0
# frecuencia_Hz_=_136550.49831057966
# Promedio de 324 ciclos

Tiempo_(s)	Campo_(V.s)	Magnetizacion_(V.s)	Campo_(kA/m)	Magnetizacion_(A/m)
0.000000e+00	-1.082454e-08	-4.732053e-09	-5.695172e+01	-1.206043e+03
1.000000e-08	-1.082446e-08	-4.732250e-09	-5.695132e+01	-1.206156e+03
2.000000e-08	-1.082368e-08	-4.732147e-09	-5.694723e+01	-1.206223e+03
3.000000e-08	-1.082190e-08	-4.732578e-09	-5.693783e+01	-1.206243e+03
4.000000e-08	-1.081908e-08	-4.733398e-09	-5.692303e+01	-1.206217e+03
5.000000e-08	-1.081550e-08	-4.734020e-09	-5.690417e+01	-1.206148e+03
6.000000e-08	-1.081135e-08	-4.733799e-09	-5.688235e+01	-1.206040e+03
7.000000e-08	-1.080660e-08	-4.733304e-09	-5.685732e+01	-1.205899e+03
8.000000e-08	-1.080111e-08	-4.733920e-09	-5.682846e+01	-1.205734e+03
9.000000e-08	-1.079481e-08	-4.734642e-09	-5.679530e+01	-1.205551e+03
1.000000e-07	-1.078751e-08	-4.729549e-09	-5.675690e+01	-1.205359e+03
1.100000e-07	-1.077892e-08	-4.721588e-09	-5.671173e+01	-1.205168e+03
1.200000e-07	-1.076885e-08	-4.725906e-09	-5.665872e+01	-1.204982e+03
1.300000e-07	-1.075771e-08	-4.740145e-09	-5.660011e+01	-1.204809e+03
1.400000e-07	-1.074622e-08	-4.741945e-09	-5.653965e+01	-1.204651e+03
1.500000e-07	-1.073434e-08	-4.718850e-09	-5.647716e+01	-1.204511e+03
1.600000e-07	-1.072156e-08	-4.709119e-09	-5.640993e+01	-1.204388e+03
1.700000e-07	-1.070792e-08	-4.739712e-09	-5.633819e+01	-1.204279e+03
1.800000e-07	-1.069372e-08	-4.747586e-09	-5.626346e+01	-1.204181e+03
1.900000e-07	-1.067851e-08	-4.716351e-09	-5.618342e+01	-1.204087e+03
2.000000e-07	-1.066202e-08	-4.723923e-09	-5.609668e+01	-1.203993e+03
2.100000e-07	-1.064489e-08	-4.759598e-09	-5.600653e+01	-1.203892e+03
2.200000e-07	-1.062735e-08	-4.741130e-09	-5.591427e+01	-1.203778e+03
2.300000e-07	-1.060899e-08	-4.706032e-09	-5.581765e+01	-1.203649e+03
2.400000e-07	-1.058976e-08	-4.730092e-09	-5.571648e+01	-1.203501e+03
2.500000e-07	-1.056998e-08	-4.744378e-09	-5.561240e+01	-1.203334e+03
2.600000e-07	-1.054954e-08	-4.711256e-09	-5.550487e+01	-1.203150e+03
2.700000e-07	-1.052826e-08	-4.722251e-09	-5.539291e+01	-1.202951e+03
2.800000e-07	-1.050631e-08	-4.757760e-09	-5.527740e+01	-1.202742e+03
2.900000e-07	-1.048366e-08	-4.732983e-09	-5.515827e+01	-1.202527e+03
3.000000e-07	-1.046022e-08	-4.716519e-09	-5.503491e+01	-1.202312e+03
3.100000e-07	-1.043618e-08	-4.749615e-09	-5.490844e+01	-1.202100e+03
3.200000e-07	-1.041151e-08	-4.737052e-09	-5.477862e+01	-1.201895e+03
3.300000e-07	-1.038580e-08	-4.699729e-09	-5.464335e+01	-1.201695e+03
3.400000e-07	-1.035900e-08	-4.724750e-09	-5.450237e+01	-1.201501e+03
3.500000e-07	-1.033143e-08	-4.739519e-09	-5.435732e+01	-1.201305e+03
3.600000e-07	-1.030327e-08	-4.703871e-09	-5.420913e+01	-1.201101e+03
3.700000e-07	-1.027452e-08	-4.719615e-09	-5.405787e+01	-1.200878e+03
3.800000e-07	-1.024509e-08	-4.751504e-09	-5.390304e+01	-1.200622e+03
3.900000e-07	-1.021484e-08	-4.716949e-09	-5.374390e+01	-1.200321e+03
4.000000e-07	-1.018381e-08	-4.713070e-09	-5.358065e+01	-1.199958e+03
4.100000e-07	-1.015215e-08	-4.745711e-09	-5.341405e+01	-1.199521e+03
4.200000e-07	-1.011986e-08	-4.714256e-09	-5.324418e+01	-1.198996e+03
4.300000e-07	-1.008682e-08	-4.698436e-09	-5.307035e+01	-1.198374e+03
4.400000e-07	-1.005285e-08	-4.733433e-09	-5.289163e+01	-1.197646e+03
4.500000e-07	-1.001793e-08	-4.714699e-09	-5.270786e+01	-1.196809e+03
4.600000e-07	-9.982244e-09	-4.685230e-09	-5.252013e+01	-1.195862e+03
4.700000e-07	-9.945968e-09	-4.707299e-09	-5.232926e+01	-1.194811e+03
4.800000e-07	-9.909053e-09	-4.704052e-09	-5.213504e+01	-1.193662e+03
4.900000e-07	-9.871426e-09	-4.677904e-09	-5.193707e+01	-1.192424e+03
5.000000e-07	-9.833085e-09	-4.685778e-09	-5.173535e+01	-1.191110e+03
5.100000e-07	-9.794069e-09	-4.687502e-09	-5.153007e+01	-1.189733e+03
5.200000e-07	-9.754463e-09	-4.669110e-09	-5.132169e+01	-1.188306e+03
5.300000e-07	-9.714274e-09	-4.669677e-09	-5.111024e+01	-1.186840e+03
5.400000e-07	-9.673315e-09	-4.671396e-09	-5.089474e+01	-1.185348e+03
5.500000e-07	-9.631374e-09	-4.656238e-09	-5.067408e+01	-1.183836e+03
5.600000e-07	-9.588461e-09	-4.649742e-09	-5.044829e+01	-1.182310e+03
5.700000e-07	-9.544751e-09	-4.649412e-09	-5.021832e+01	-1.180773e+03
5.800000e-07	-9.500407e-09	-4.639588e-09	-4.998501e+01	-1.179224e+03
5.900000e-07	-9.455495e-09	-4.631904e-09	-4.974871e+01	-1.177659e+03
6.000000e-07	-9.409987e-09	-4.630549e-09	-4.950928e+01	-1.176075e+03
6.100000e-07	-9.363822e-09	-4.623971e-09	-4.926639e+01	-1.174465e+03
6.200000e-07	-9.316999e-09	-4.613856e-09	-4.902004e+01	-1.172821e+03
6.300000e-07	-9.269532e-09	-4.606848e-09	-4.877030e+01	-1.171138e+03
6.400000e-07	-9.221374e-09	-4.601399e-09	-4.851692e+01	-1.169409e+03
6.500000e-07	-9.172421e-09	-4.594446e-09	-4.825936e+01	-1.167631e+03
6.600000e-07	-9.122559e-09	-4.586570e-09	-4.799703e+01	-1.165799e+03
6.700000e-07	-9.071748e-09	-4.579071e-09	-4.772969e+01	-1.163915e+03
6.800000e-07	-9.020046e-09	-4.572204e-09	-4.745767e+01	-1.161978e+03
6.900000e-07	-8.967554e-09	-4.564453e-09	-4.718150e+01	-1.159992e+03
7.000000e-07	-8.914351e-09	-4.556725e-09	-4.690157e+01	-1.157960e+03
7.100000e-07	-8.860493e-09	-4.549292e-09	-4.661821e+01	-1.155887e+03
7.200000e-07	-8.806022e-09	-4.540173e-09	-4.633162e+01	-1.153779e+03
7.300000e-07	-8.751004e-09	-4.531254e-09	-4.604215e+01	-1.151639e+03
7.400000e-07	-8.695495e-09	-4.524674e-09	-4.575010e+01	-1.149470e+03
7.500000e-07	-8.639462e-09	-4.516723e-09	-4.545528e+01	-1.147276e+03
7.600000e-07	-8.582833e-09	-4.506312e-09	-4.515734e+01	-1.145056e+03
7.700000e-07	-8.525538e-09	-4.497328e-09	-4.485589e+01	-1.142810e+03
7.800000e-07	-8.467482e-09	-4.489268e-09	-4.455044e+01	-1.140536e+03
7.900000e-07	-8.408642e-09	-4.480017e-09	-4.424086e+01	-1.138229e+03
8.000000e-07	-8.349096e-09	-4.470851e-09	-4.392757e+01	-1.135886e+03
8.100000e-07	-8.288930e-09	-4.461554e-09	-4.361102e+01	-1.133501e+03
8.200000e-07	-8.228201e-09	-4.450703e-09	-4.329150e+01	-1.131071e+03
8.300000e-07	-8.166913e-09	-4.440154e-09	-4.296904e+01	-1.128591e+03
8.400000e-07	-8.105041e-09	-4.431066e-09	-4.264351e+01	-1.126058e+03
8.500000e-07	-8.042607e-09	-4.421708e-09	-4.231502e+01	-1.123470e+03
8.600000e-07	-7.979673e-09	-4.411181e-09	-4.198390e+01	-1.120826e+03
8.700000e-07	-7.916264e-09	-4.400767e-09	-4.165029e+01	-1.118126e+03
8.800000e-07	-7.852326e-09	-4.390523e-09	-4.131389e+01	-1.115371e+03
8.900000e-07	-7.787832e-09	-4.379795e-09	-4.097456e+01	-1.112565e+03
9.000000e-07	-7.722797e-09	-4.368226e-09	-4.063239e+01	-1.109708e+03
9.100000e-07	-7.657164e-09	-4.356637e-09	-4.028707e+01	-1.106804e+03
9.200000e-07	-7.590861e-09	-4.345644e-09	-3.993823e+01	-1.103856e+03
9.300000e-07	-7.523887e-09	-4.334892e-09	-3.958586e+01	-1.100864e+03
9.400000e-07	-7.456310e-09	-4.323905e-09	-3.923031e+01	-1.097830e+03
9.500000e-07	-7.388203e-09	-4.312252e-09	-3.887197e+01	-1.094753e+03
9.600000e-07	-7.319625e-09	-4.299636e-09	-3.851116e+01	-1.091633e+03
9.700000e-07	-7.250603e-09	-4.286636e-09	-3.814801e+01	-1.088468e+03
9.800000e-07	-7.181096e-09	-4.273858e-09	-3.778231e+01	-1.085255e+03
9.900000e-07	-7.111075e-09	-4.261148e-09	-3.741390e+01	-1.081990e+03
1.000000e-06	-7.040572e-09	-4.248352e-09	-3.704296e+01	-1.078672e+03
1.010000e-06	-6.969628e-09	-4.235316e-09	-3.666970e+01	-1.075297e+03
1.020000e-06	-6.898259e-09	-4.222055e-09	-3.629420e+01	-1.071862e+03
1.030000e-06	-6.826434e-09	-4.209028e-09	-3.591631e+01	-1.068367e+03
1.040000e-06	-6.754103e-09	-4.195712e-09	-3.553575e+01	-1.064809e+03
1.050000e-06	-6.681213e-09	-4.181655e-09	-3.515225e+01	-1.061190e+03
1.060000e-06	-6.607727e-09	-4.167409e-09	-3.476562e+01	-1.057509e+03
1.070000e-06	-6.533632e-09	-4.153087e-09	-3.437578e+01	-1.053768e+03
1.080000e-06	-6.458921e-09	-4.138640e-09	-3.398270e+01	-1.049968e+03
1.090000e-06	-6.383608e-09	-4.124198e-09	-3.358645e+01	-1.046109e+03
1.100000e-06	-6.307732e-09	-4.109200e-09	-3.318724e+01	-1.042193e+03
1.110000e-06	-6.231343e-09	-4.093272e-09	-3.278534e+01	-1.038219e+03
1.120000e-06	-6.154495e-09	-4.077298e-09	-3.238101e+01	-1.034186e+03
1.130000e-06	-6.077191e-09	-4.061917e-09	-3.197429e+01	-1.030093e+03
1.140000e-06	-5.999423e-09	-4.046383e-09	-3.156512e+01	-1.025935e+03
1.150000e-06	-5.921179e-09	-4.029453e-09	-3.115345e+01	-1.021710e+03
1.160000e-06	-5.842455e-09	-4.011968e-09	-3.073926e+01	-1.017413e+03
1.170000e-06	-5.763267e-09	-3.994949e-09	-3.032263e+01	-1.013037e+03
1.180000e-06	-5.683627e-09	-3.977787e-09	-2.990362e+01	-1.008578e+03
1.190000e-06	-5.603531e-09	-3.959910e-09	-2.948221e+01	-1.004030e+03
1.200000e-06	-5.522940e-09	-3.941319e-09	-2.905819e+01	-9.993890e+02
1.210000e-06	-5.441849e-09	-3.922231e-09	-2.863154e+01	-9.946506e+02
1.220000e-06	-5.360301e-09	-3.903583e-09	-2.820248e+01	-9.898119e+02
1.230000e-06	-5.278356e-09	-3.885341e-09	-2.777134e+01	-9.848712e+02
1.240000e-06	-5.196083e-09	-3.866194e-09	-2.733847e+01	-9.798278e+02
1.250000e-06	-5.113529e-09	-3.845688e-09	-2.690413e+01	-9.746821e+02
1.260000e-06	-5.030711e-09	-3.824531e-09	-2.646839e+01	-9.694351e+02
1.270000e-06	-4.947618e-09	-3.803518e-09	-2.603121e+01	-9.640885e+02
1.280000e-06	-4.864231e-09	-3.782341e-09	-2.559248e+01	-9.586442e+02
1.290000e-06	-4.780546e-09	-3.760271e-09	-2.515218e+01	-9.531039e+02
1.300000e-06	-4.696564e-09	-3.737679e-09	-2.471032e+01	-9.474690e+02
1.310000e-06	-4.612290e-09	-3.715029e-09	-2.426693e+01	-9.417401e+02
1.320000e-06	-4.527731e-09	-3.692525e-09	-2.382203e+01	-9.359168e+02
1.330000e-06	-4.442884e-09	-3.669797e-09	-2.337562e+01	-9.299979e+02
1.340000e-06	-4.357738e-09	-3.645801e-09	-2.292763e+01	-9.239809e+02
1.350000e-06	-4.272272e-09	-3.620153e-09	-2.247796e+01	-9.178625e+02
1.360000e-06	-4.186487e-09	-3.594017e-09	-2.202662e+01	-9.116383e+02
1.370000e-06	-4.100413e-09	-3.568506e-09	-2.157375e+01	-9.053032e+02
1.380000e-06	-4.014082e-09	-3.542957e-09	-2.111954e+01	-8.988515e+02
1.390000e-06	-3.927519e-09	-3.516487e-09	-2.066409e+01	-8.922773e+02
1.400000e-06	-3.840734e-09	-3.489411e-09	-2.020749e+01	-8.855741e+02
1.410000e-06	-3.753738e-09	-3.462448e-09	-1.974977e+01	-8.787356e+02
1.420000e-06	-3.666538e-09	-3.435323e-09	-1.929098e+01	-8.717554e+02
1.430000e-06	-3.579121e-09	-3.407233e-09	-1.883105e+01	-8.646270e+02
1.440000e-06	-3.491465e-09	-3.377677e-09	-1.836986e+01	-8.573442e+02
1.450000e-06	-3.403543e-09	-3.347182e-09	-1.790726e+01	-8.499005e+02
1.460000e-06	-3.315333e-09	-3.316722e-09	-1.744316e+01	-8.422894e+02
1.470000e-06	-3.226816e-09	-3.286622e-09	-1.697744e+01	-8.345043e+02
1.480000e-06	-3.137986e-09	-3.256057e-09	-1.651007e+01	-8.265386e+02
1.490000e-06	-3.048865e-09	-3.223999e-09	-1.604118e+01	-8.183852e+02
1.500000e-06	-2.959487e-09	-3.190494e-09	-1.557093e+01	-8.100372e+02
1.510000e-06	-2.869879e-09	-3.156401e-09	-1.509948e+01	-8.014875e+02
1.520000e-06	-2.780072e-09	-3.122094e-09	-1.462698e+01	-7.927292e+02
1.530000e-06	-2.690097e-09	-3.086979e-09	-1.415359e+01	-7.837553e+02
1.540000e-06	-2.599970e-09	-3.050606e-09	-1.367940e+01	-7.745595e+02
1.550000e-06	-2.509693e-09	-3.013116e-09	-1.320442e+01	-7.651355e+02
1.560000e-06	-2.419252e-09	-2.975028e-09	-1.272859e+01	-7.554776e+02
1.570000e-06	-2.328632e-09	-2.936483e-09	-1.225180e+01	-7.455805e+02
1.580000e-06	-2.237828e-09	-2.896779e-09	-1.177405e+01	-7.354392e+02
1.590000e-06	-2.146838e-09	-2.855444e-09	-1.129532e+01	-7.250483e+02
1.600000e-06	-2.055649e-09	-2.812754e-09	-1.081555e+01	-7.144025e+02
1.610000e-06	-1.964255e-09	-2.769722e-09	-1.033469e+01	-7.034955e+02
1.620000e-06	-1.872663e-09	-2.726353e-09	-9.852791e+00	-6.923197e+02
1.630000e-06	-1.780877e-09	-2.681760e-09	-9.369873e+00	-6.808660e+02
1.640000e-06	-1.688917e-09	-2.635619e-09	-8.886038e+00	-6.691230e+02
1.650000e-06	-1.596822e-09	-2.588050e-09	-8.401492e+00	-6.570766e+02
1.660000e-06	-1.504628e-09	-2.539393e-09	-7.916425e+00	-6.447098e+02
1.670000e-06	-1.412354e-09	-2.489663e-09	-7.430937e+00	-6.320025e+02
1.680000e-06	-1.320012e-09	-2.438149e-09	-6.945092e+00	-6.189315e+02
1.690000e-06	-1.227605e-09	-2.384264e-09	-6.458903e+00	-6.054709e+02
1.700000e-06	-1.135127e-09	-2.328759e-09	-5.972346e+00	-5.915920e+02
1.710000e-06	-1.042576e-09	-2.272433e-09	-5.485400e+00	-5.772643e+02
1.720000e-06	-9.499412e-10	-2.214539e-09	-4.998014e+00	-5.624559e+02
1.730000e-06	-8.572232e-10	-2.154133e-09	-4.510190e+00	-5.471345e+02
1.740000e-06	-7.644345e-10	-2.091054e-09	-4.021994e+00	-5.312685e+02
1.750000e-06	-6.715751e-10	-2.025642e-09	-3.533427e+00	-5.148272e+02
1.760000e-06	-5.786453e-10	-1.958366e-09	-3.044489e+00	-4.977825e+02
1.770000e-06	-4.856571e-10	-1.888923e-09	-2.555244e+00	-4.801092e+02
1.780000e-06	-3.926312e-10	-1.816568e-09	-2.065800e+00	-4.617858e+02
1.790000e-06	-2.995871e-10	-1.741347e-09	-1.576262e+00	-4.427951e+02
1.800000e-06	-2.065445e-10	-1.664003e-09	-1.086730e+00	-4.231245e+02
1.810000e-06	-1.135266e-10	-1.584372e-09	-5.973295e-01	-4.027664e+02
1.820000e-06	-2.054050e-11	-1.501692e-09	-1.080953e-01	-3.817180e+02
1.830000e-06	7.241437e-11	-1.415718e-09	3.809745e-01	-3.599817e+02
1.840000e-06	1.653473e-10	-1.326717e-09	8.699289e-01	-3.375645e+02
1.850000e-06	2.582723e-10	-1.234909e-09	1.358842e+00	-3.144783e+02
1.860000e-06	3.511985e-10	-1.140522e-09	1.847761e+00	-2.907392e+02
1.870000e-06	4.441275e-10	-1.043794e-09	2.336694e+00	-2.663678e+02
1.880000e-06	5.370499e-10	-9.446131e-10	2.825593e+00	-2.413885e+02
1.890000e-06	6.299554e-10	-8.431740e-10	3.314403e+00	-2.158297e+02
1.900000e-06	7.228320e-10	-7.397616e-10	3.803062e+00	-1.897234e+02
1.910000e-06	8.156656e-10	-6.343944e-10	4.291493e+00	-1.631053e+02
1.920000e-06	9.084404e-10	-5.272023e-10	4.779616e+00	-1.360146e+02
1.930000e-06	1.001142e-09	-4.182941e-10	5.267355e+00	-1.084938e+02
1.940000e-06	1.093755e-09	-3.082069e-10	5.754626e+00	-8.058845e+01
1.950000e-06	1.186262e-09	-1.976870e-10	6.241337e+00	-5.234717e+01
1.960000e-06	1.278649e-09	-8.673522e-11	6.727421e+00	-2.382115e+01
1.970000e-06	1.370917e-09	2.523709e-11	7.212875e+00	4.936182e+00
1.980000e-06	1.463079e-09	1.388242e-10	7.697774e+00	3.386965e+01
1.990000e-06	1.555145e-09	2.536206e-10	8.182168e+00	6.292286e+01
2.000000e-06	1.647119e-09	3.687926e-10	8.666077e+00	9.203878e+01
2.010000e-06	1.739001e-09	4.838055e-10	9.149504e+00	1.211603e+02
2.020000e-06	1.830778e-09	5.984618e-10	9.632374e+00	1.502310e+02
2.030000e-06	1.922427e-09	7.128419e-10	1.011457e+01	1.791953e+02
2.040000e-06	2.013925e-09	8.265686e-10	1.059598e+01	2.079994e+02
2.050000e-06	2.105251e-09	9.389989e-10	1.107647e+01	2.365911e+02
2.060000e-06	2.196379e-09	1.050047e-09	1.155593e+01	2.649204e+02
2.070000e-06	2.287294e-09	1.160184e-09	1.203426e+01	2.929394e+02
2.080000e-06	2.377992e-09	1.269249e-09	1.251145e+01	3.206024e+02
2.090000e-06	2.468473e-09	1.376418e-09	1.298751e+01	3.478655e+02
2.100000e-06	2.558737e-09	1.481127e-09	1.346241e+01	3.746868e+02
2.110000e-06	2.648793e-09	1.583512e-09	1.393623e+01	4.010258e+02
2.120000e-06	2.738653e-09	1.684234e-09	1.440901e+01	4.268438e+02
2.130000e-06	2.828328e-09	1.783151e-09	1.488082e+01	4.521032e+02
2.140000e-06	2.917819e-09	1.879394e-09	1.535166e+01	4.767681e+02
2.150000e-06	3.007117e-09	1.973187e-09	1.582149e+01	5.008041e+02
2.160000e-06	3.096198e-09	2.065148e-09	1.629017e+01	5.241789e+02
2.170000e-06	3.185043e-09	2.154782e-09	1.675761e+01	5.468626e+02
2.180000e-06	3.273624e-09	2.241323e-09	1.722367e+01	5.688284e+02
2.190000e-06	3.361917e-09	2.324344e-09	1.768821e+01	5.900535e+02
2.200000e-06	3.449917e-09	2.403707e-09	1.815121e+01	6.105196e+02
2.210000e-06	3.537625e-09	2.480068e-09	1.861268e+01	6.302135e+02
2.220000e-06	3.625053e-09	2.553989e-09	1.907267e+01	6.491281e+02
2.230000e-06	3.712215e-09	2.625053e-09	1.953126e+01	6.672626e+02
2.240000e-06	3.799123e-09	2.692815e-09	1.998851e+01	6.846228e+02
2.250000e-06	3.885784e-09	2.757630e-09	2.044447e+01	7.012212e+02
2.260000e-06	3.972202e-09	2.819726e-09	2.089914e+01	7.170764e+02
2.270000e-06	4.058373e-09	2.878616e-09	2.135252e+01	7.322132e+02
2.280000e-06	4.144294e-09	2.934009e-09	2.180458e+01	7.466609e+02
2.290000e-06	4.229966e-09	2.986314e-09	2.225533e+01	7.604533e+02
2.300000e-06	4.315386e-09	3.036798e-09	2.270476e+01	7.736266e+02
2.310000e-06	4.400544e-09	3.086482e-09	2.315280e+01	7.862188e+02
2.320000e-06	4.485425e-09	3.134544e-09	2.359940e+01	7.982684e+02
2.330000e-06	4.570016e-09	3.180209e-09	2.404446e+01	8.098128e+02
2.340000e-06	4.654297e-09	3.223582e-09	2.448790e+01	8.208879e+02
2.350000e-06	4.738242e-09	3.264521e-09	2.492956e+01	8.315267e+02
2.360000e-06	4.821828e-09	3.303592e-09	2.536934e+01	8.417592e+02
2.370000e-06	4.905056e-09	3.341638e-09	2.580723e+01	8.516118e+02
2.380000e-06	4.987949e-09	3.378627e-09	2.624336e+01	8.611075e+02
2.390000e-06	5.070523e-09	3.414206e-09	2.667781e+01	8.702659e+02
2.400000e-06	5.152785e-09	3.448843e-09	2.711062e+01	8.791038e+02
2.410000e-06	5.234729e-09	3.483052e-09	2.754176e+01	8.876355e+02
2.420000e-06	5.316328e-09	3.515757e-09	2.797108e+01	8.958737e+02
2.430000e-06	5.397539e-09	3.546039e-09	2.839836e+01	9.038302e+02
2.440000e-06	5.478335e-09	3.574638e-09	2.882346e+01	9.115160e+02
2.450000e-06	5.558704e-09	3.602798e-09	2.924631e+01	9.189427e+02
2.460000e-06	5.638627e-09	3.631212e-09	2.966681e+01	9.261217e+02
2.470000e-06	5.718104e-09	3.659362e-09	3.008496e+01	9.330655e+02
2.480000e-06	5.797128e-09	3.686014e-09	3.050073e+01	9.397870e+02
2.490000e-06	5.875681e-09	3.711334e-09	3.091403e+01	9.462996e+02
2.500000e-06	5.953750e-09	3.736351e-09	3.132478e+01	9.526168e+02
2.510000e-06	6.031342e-09	3.760905e-09	3.173302e+01	9.587521e+02
2.520000e-06	6.108499e-09	3.784617e-09	3.213897e+01	9.647182e+02
2.530000e-06	6.185235e-09	3.807350e-09	3.254270e+01	9.705267e+02
2.540000e-06	6.261529e-09	3.829196e-09	3.294411e+01	9.761881e+02
2.550000e-06	6.337335e-09	3.851182e-09	3.334295e+01	9.817108e+02
2.560000e-06	6.412605e-09	3.873853e-09	3.373898e+01	9.871017e+02
2.570000e-06	6.487325e-09	3.895725e-09	3.413210e+01	9.923655e+02
2.580000e-06	6.561494e-09	3.915659e-09	3.452233e+01	9.975055e+02
2.590000e-06	6.635111e-09	3.934485e-09	3.490965e+01	1.002523e+03
2.600000e-06	6.708160e-09	3.953148e-09	3.529398e+01	1.007419e+03
2.610000e-06	6.780627e-09	3.972019e-09	3.567526e+01	1.012194e+03
2.620000e-06	6.852530e-09	3.990918e-09	3.605357e+01	1.016846e+03
2.630000e-06	6.923915e-09	4.009077e-09	3.642915e+01	1.021376e+03
2.640000e-06	6.994831e-09	4.026059e-09	3.680227e+01	1.025784e+03
2.650000e-06	7.065286e-09	4.042418e-09	3.717295e+01	1.030071e+03
2.660000e-06	7.135252e-09	4.058688e-09	3.754107e+01	1.034241e+03
2.670000e-06	7.204717e-09	4.074381e-09	3.790655e+01	1.038296e+03
2.680000e-06	7.273716e-09	4.089119e-09	3.826958e+01	1.042241e+03
2.690000e-06	7.342280e-09	4.103413e-09	3.863032e+01	1.046081e+03
2.700000e-06	7.410380e-09	4.117947e-09	3.898862e+01	1.049824e+03
2.710000e-06	7.477968e-09	4.132666e-09	3.934423e+01	1.053475e+03
2.720000e-06	7.544990e-09	4.147145e-09	3.969685e+01	1.057041e+03
2.730000e-06	7.611388e-09	4.160856e-09	4.004619e+01	1.060529e+03
2.740000e-06	7.677125e-09	4.173523e-09	4.039206e+01	1.063944e+03
2.750000e-06	7.742191e-09	4.186139e-09	4.073439e+01	1.067291e+03
2.760000e-06	7.806611e-09	4.199084e-09	4.107332e+01	1.070574e+03
2.770000e-06	7.870441e-09	4.211796e-09	4.140916e+01	1.073796e+03
2.780000e-06	7.933747e-09	4.224302e-09	4.174223e+01	1.076960e+03
2.790000e-06	7.996570e-09	4.236549e-09	4.207277e+01	1.080065e+03
2.800000e-06	8.058900e-09	4.248420e-09	4.240071e+01	1.083113e+03
2.810000e-06	8.120704e-09	4.260328e-09	4.272588e+01	1.086103e+03
2.820000e-06	8.181987e-09	4.272265e-09	4.304831e+01	1.089036e+03
2.830000e-06	8.242781e-09	4.283229e-09	4.336818e+01	1.091911e+03
2.840000e-06	8.303094e-09	4.293372e-09	4.368551e+01	1.094729e+03
2.850000e-06	8.362875e-09	4.304154e-09	4.400004e+01	1.097490e+03
2.860000e-06	8.422036e-09	4.315507e-09	4.431131e+01	1.100195e+03
2.870000e-06	8.480471e-09	4.326479e-09	4.461875e+01	1.102846e+03
2.880000e-06	8.538110e-09	4.337011e-09	4.492201e+01	1.105445e+03
2.890000e-06	8.594975e-09	4.347134e-09	4.522119e+01	1.107996e+03
2.900000e-06	8.651144e-09	4.356947e-09	4.551671e+01	1.110500e+03
2.910000e-06	8.706704e-09	4.366764e-09	4.580904e+01	1.112962e+03
2.920000e-06	8.761709e-09	4.376573e-09	4.609844e+01	1.115384e+03
2.930000e-06	8.816156e-09	4.386198e-09	4.638490e+01	1.117770e+03
2.940000e-06	8.870016e-09	4.395699e-09	4.666828e+01	1.120123e+03
2.950000e-06	8.923267e-09	4.405307e-09	4.694846e+01	1.122444e+03
2.960000e-06	8.975885e-09	4.415027e-09	4.722530e+01	1.124737e+03
2.970000e-06	9.027807e-09	4.424762e-09	4.749848e+01	1.127003e+03
2.980000e-06	9.078923e-09	4.433568e-09	4.776741e+01	1.129241e+03
2.990000e-06	9.129139e-09	4.441386e-09	4.803162e+01	1.131454e+03
3.000000e-06	9.178448e-09	4.450103e-09	4.829105e+01	1.133640e+03
3.010000e-06	9.226942e-09	4.459549e-09	4.854619e+01	1.135799e+03
3.020000e-06	9.274742e-09	4.468165e-09	4.879768e+01	1.137931e+03
3.030000e-06	9.321912e-09	4.476489e-09	4.904586e+01	1.140034e+03
3.040000e-06	9.368450e-09	4.485296e-09	4.929071e+01	1.142108e+03
3.050000e-06	9.414325e-09	4.494002e-09	4.953208e+01	1.144150e+03
3.060000e-06	9.459541e-09	4.502042e-09	4.976998e+01	1.146161e+03
3.070000e-06	9.504160e-09	4.509401e-09	5.000473e+01	1.148138e+03
3.080000e-06	9.548252e-09	4.516578e-09	5.023672e+01	1.150082e+03
3.090000e-06	9.591815e-09	4.524172e-09	5.046592e+01	1.151991e+03
3.100000e-06	9.634705e-09	4.532314e-09	5.069158e+01	1.153865e+03
3.110000e-06	9.676725e-09	4.540487e-09	5.091266e+01	1.155704e+03
3.120000e-06	9.717828e-09	4.548046e-09	5.112891e+01	1.157508e+03
3.130000e-06	9.758134e-09	4.555271e-09	5.134098e+01	1.159277e+03
3.140000e-06	9.797782e-09	4.562690e-09	5.154958e+01	1.161012e+03
3.150000e-06	9.836805e-09	4.570091e-09	5.175490e+01	1.162713e+03
3.160000e-06	9.875154e-09	4.576951e-09	5.195667e+01	1.164381e+03
3.170000e-06	9.912788e-09	4.583295e-09	5.215467e+01	1.166016e+03
3.180000e-06	9.949712e-09	4.590071e-09	5.234894e+01	1.167620e+03
3.190000e-06	9.986016e-09	4.597492e-09	5.253995e+01	1.169194e+03
3.200000e-06	1.002178e-08	4.604543e-09	5.272811e+01	1.170738e+03
3.210000e-06	1.005690e-08	4.610841e-09	5.291289e+01	1.172252e+03
3.220000e-06	1.009116e-08	4.616869e-09	5.309315e+01	1.173737e+03
3.230000e-06	1.012445e-08	4.623024e-09	5.326830e+01	1.175193e+03
3.240000e-06	1.015689e-08	4.629352e-09	5.343897e+01	1.176619e+03
3.250000e-06	1.018866e-08	4.635605e-09	5.360611e+01	1.178015e+03
3.260000e-06	1.021979e-08	4.641383e-09	5.376992e+01	1.179382e+03
3.270000e-06	1.025024e-08	4.646727e-09	5.393013e+01	1.180716e+03
3.280000e-06	1.027997e-08	4.652160e-09	5.408655e+01	1.182019e+03
3.290000e-06	1.030897e-08	4.657740e-09	5.423911e+01	1.183289e+03
3.300000e-06	1.033731e-08	4.662953e-09	5.438822e+01	1.184525e+03
3.310000e-06	1.036509e-08	4.667903e-09	5.453439e+01	1.185727e+03
3.320000e-06	1.039219e-08	4.672919e-09	5.467697e+01	1.186895e+03
3.330000e-06	1.041833e-08	4.677870e-09	5.481448e+01	1.188028e+03
3.340000e-06	1.044341e-08	4.683092e-09	5.494646e+01	1.189127e+03
3.350000e-06	1.046764e-08	4.688189e-09	5.507392e+01	1.190192e+03
3.360000e-06	1.049117e-08	4.692561e-09	5.519776e+01	1.191223e+03
3.370000e-06	1.051402e-08	4.696462e-09	5.531798e+01	1.192223e+03
3.380000e-06	1.053616e-08	4.700404e-09	5.543447e+01	1.193190e+03
3.390000e-06	1.055758e-08	4.704434e-09	5.554717e+01	1.194126e+03
3.400000e-06	1.057829e-08	4.708012e-09	5.565614e+01	1.195031e+03
3.410000e-06	1.059840e-08	4.711402e-09	5.576190e+01	1.195906e+03
3.420000e-06	1.061793e-08	4.715100e-09	5.586465e+01	1.196750e+03
3.430000e-06	1.063671e-08	4.718892e-09	5.596348e+01	1.197563e+03
3.440000e-06	1.065462e-08	4.722002e-09	5.605769e+01	1.198344e+03
3.450000e-06	1.067172e-08	4.724247e-09	5.614770e+01	1.199093e+03
3.460000e-06	1.068810e-08	4.726632e-09	5.623384e+01	1.199808e+03
3.470000e-06	1.070363e-08	4.729360e-09	5.631556e+01	1.200490e+03
3.480000e-06	1.071826e-08	4.731576e-09	5.639254e+01	1.201137e+03
3.490000e-06	1.073208e-08	4.733622e-09	5.646527e+01	1.201750e+03
3.500000e-06	1.074515e-08	4.736075e-09	5.653400e+01	1.202329e+03
3.510000e-06	1.075745e-08	4.738878e-09	5.659875e+01	1.202875e+03
3.520000e-06	1.076897e-08	4.741557e-09	5.665937e+01	1.203391e+03
3.530000e-06	1.077950e-08	4.743442e-09	5.671477e+01	1.203878e+03
3.540000e-06	1.078889e-08	4.744371e-09	5.676414e+01	1.204339e+03
3.550000e-06	1.079731e-08	4.744825e-09	5.680845e+01	1.204776e+03
3.560000e-06	1.080503e-08	4.745613e-09	5.684910e+01	1.205191e+03
3.570000e-06	1.081208e-08	4.747137e-09	5.688618e+01	1.205587e+03
3.580000e-06	1.081838e-08	4.748957e-09	5.691929e+01	1.205965e+03
3.590000e-06	1.082389e-08	4.750664e-09	5.694833e+01	1.206324e+03
3.600000e-06	1.082866e-08	4.752307e-09	5.697340e+01	1.206666e+03
3.610000e-06	1.083280e-08	4.753699e-09	5.699519e+01	1.206986e+03
3.620000e-06	1.083638e-08	4.754510e-09	5.701400e+01	1.207284e+03
3.630000e-06	1.083916e-08	4.754646e-09	5.702863e+01	1.207555e+03
3.640000e-06	1.084086e-08	4.754377e-09	5.703761e+01	1.207794e+03
3.650000e-06	1.084156e-08	4.754250e-09	5.704127e+01	1.207998e+03
3.660000e-06	1.084153e-08	4.754681e-09	5.704113e+01	1.208163e+03
3.670000e-06	1.084087e-08	4.755803e-09	5.703764e+01	1.208284e+03
3.680000e-06	1.083950e-08	4.756848e-09	5.703041e+01	1.208359e+03
3.690000e-06	1.083741e-08	4.757118e-09	5.701944e+01	1.208388e+03
3.700000e-06	1.083462e-08	4.756937e-09	5.700477e+01	1.208370e+03
3.710000e-06	1.083116e-08	4.756086e-09	5.698657e+01	1.208307e+03
3.720000e-06	1.082717e-08	4.755006e-09	5.696556e+01	1.208206e+03
3.730000e-06	1.082264e-08	4.753556e-09	5.694172e+01	1.208070e+03
3.740000e-06	1.081729e-08	4.750246e-09	5.691360e+01	1.207908e+03
3.750000e-06	1.081086e-08	4.750248e-09	5.687976e+01	1.207728e+03
3.760000e-06	1.080321e-08	4.761907e-09	5.683949e+01	1.207538e+03
3.770000e-06	1.079419e-08	4.765235e-09	5.679205e+01	1.207346e+03
3.780000e-06	1.078386e-08	4.744403e-09	5.673771e+01	1.207159e+03
3.790000e-06	1.077293e-08	4.726196e-09	5.668021e+01	1.206984e+03
3.800000e-06	1.076212e-08	4.744682e-09	5.662331e+01	1.206823e+03
3.810000e-06	1.075098e-08	4.768319e-09	5.656471e+01	1.206681e+03
3.820000e-06	1.073852e-08	4.743666e-09	5.649916e+01	1.206555e+03
3.830000e-06	1.072486e-08	4.713569e-09	5.642726e+01	1.206445e+03
3.840000e-06	1.071071e-08	4.737101e-09	5.635284e+01	1.206345e+03
3.850000e-06	1.069585e-08	4.762757e-09	5.627463e+01	1.206251e+03
3.860000e-06	1.067981e-08	4.735572e-09	5.619027e+01	1.206158e+03
3.870000e-06	1.066305e-08	4.722013e-09	5.610206e+01	1.206058e+03
3.880000e-06	1.064583e-08	4.753306e-09	5.601149e+01	1.205948e+03
3.890000e-06	1.062779e-08	4.747104e-09	5.591654e+01	1.205821e+03
3.900000e-06	1.060885e-08	4.707977e-09	5.581692e+01	1.205677e+03
3.910000e-06	1.058935e-08	4.723721e-09	5.571433e+01	1.205514e+03
3.920000e-06	1.056915e-08	4.754411e-09	5.560802e+01	1.205332e+03
3.930000e-06	1.054787e-08	4.728198e-09	5.549609e+01	1.205136e+03
3.940000e-06	1.052559e-08	4.719963e-09	5.537886e+01	1.204928e+03
3.950000e-06	1.050246e-08	4.754715e-09	5.525715e+01	1.204714e+03
3.960000e-06	1.047857e-08	4.737137e-09	5.513150e+01	1.204499e+03
3.970000e-06	1.045411e-08	4.701262e-09	5.500276e+01	1.204287e+03
3.980000e-06	1.042901e-08	4.726796e-09	5.487070e+01	1.204080e+03
3.990000e-06	1.040313e-08	4.737157e-09	5.473454e+01	1.203881e+03
4.000000e-06	1.037655e-08	4.700043e-09	5.459469e+01	1.203686e+03
4.010000e-06	1.034932e-08	4.714492e-09	5.445142e+01	1.203491e+03
4.020000e-06	1.032141e-08	4.747456e-09	5.430459e+01	1.203289e+03
4.030000e-06	1.029289e-08	4.717226e-09	5.415453e+01	1.203070e+03
4.040000e-06	1.026360e-08	4.717178e-09	5.400046e+01	1.202821e+03
4.050000e-06	1.023324e-08	4.756418e-09	5.384071e+01	1.202529e+03
4.060000e-06	1.020186e-08	4.727749e-09	5.367559e+01	1.202178e+03
4.070000e-06	1.016968e-08	4.713190e-09	5.350630e+01	1.201754e+03
4.080000e-06	1.013673e-08	4.751784e-09	5.333294e+01	1.201245e+03
4.090000e-06	1.010308e-08	4.724465e-09	5.315587e+01	1.200640e+03
4.100000e-06	1.006881e-08	4.697948e-09	5.297557e+01	1.199930e+03
4.110000e-06	1.003393e-08	4.735905e-09	5.279205e+01	1.199111e+03
4.120000e-06	9.998449e-09	4.724196e-09	5.260538e+01	1.198184e+03
4.130000e-06	9.962406e-09	4.694978e-09	5.241575e+01	1.197150e+03
4.140000e-06	9.925699e-09	4.718183e-09	5.222262e+01	1.196016e+03
4.150000e-06	9.888132e-09	4.713780e-09	5.202497e+01	1.194793e+03
4.160000e-06	9.849585e-09	4.688187e-09	5.182216e+01	1.193491e+03
4.170000e-06	9.810148e-09	4.695304e-09	5.161467e+01	1.192124e+03
4.180000e-06	9.770011e-09	4.693454e-09	5.140349e+01	1.190704e+03
4.190000e-06	9.729258e-09	4.676556e-09	5.118908e+01	1.189245e+03
4.200000e-06	9.687830e-09	4.675714e-09	5.097111e+01	1.187756e+03
4.210000e-06	9.645677e-09	4.673993e-09	5.074933e+01	1.186247e+03
4.220000e-06	9.602818e-09	4.664045e-09	5.052383e+01	1.184724e+03
4.230000e-06	9.559328e-09	4.659688e-09	5.029502e+01	1.183189e+03
4.240000e-06	9.515295e-09	4.655684e-09	5.006334e+01	1.181642e+03
4.250000e-06	9.470720e-09	4.646173e-09	4.982881e+01	1.180081e+03
4.260000e-06	9.425520e-09	4.637480e-09	4.959100e+01	1.178501e+03
4.270000e-06	9.379634e-09	4.632344e-09	4.934958e+01	1.176896e+03
4.280000e-06	9.333053e-09	4.626957e-09	4.910450e+01	1.175258e+03
4.290000e-06	9.285795e-09	4.620357e-09	4.885586e+01	1.173583e+03
4.300000e-06	9.237854e-09	4.612944e-09	4.860363e+01	1.171862e+03
4.310000e-06	9.189170e-09	4.604939e-09	4.834749e+01	1.170092e+03
4.320000e-06	9.139687e-09	4.597888e-09	4.808714e+01	1.168270e+03
4.330000e-06	9.089458e-09	4.590357e-09	4.782287e+01	1.166394e+03
4.340000e-06	9.038553e-09	4.581794e-09	4.755504e+01	1.164466e+03
4.350000e-06	8.986917e-09	4.574477e-09	4.728336e+01	1.162488e+03
4.360000e-06	8.934464e-09	4.565886e-09	4.700739e+01	1.160464e+03
4.370000e-06	8.881161e-09	4.557139e-09	4.672695e+01	1.158398e+03
4.380000e-06	8.827028e-09	4.551046e-09	4.644214e+01	1.156296e+03
4.390000e-06	8.772145e-09	4.542897e-09	4.615338e+01	1.154161e+03
4.400000e-06	8.716610e-09	4.532092e-09	4.586119e+01	1.151997e+03
4.410000e-06	8.660485e-09	4.523406e-09	4.556590e+01	1.149807e+03
4.420000e-06	8.603793e-09	4.514846e-09	4.526762e+01	1.147592e+03
4.430000e-06	8.546526e-09	4.505566e-09	4.496632e+01	1.145351e+03
4.440000e-06	8.488661e-09	4.497768e-09	4.466187e+01	1.143082e+03
4.450000e-06	8.430186e-09	4.489614e-09	4.435421e+01	1.140781e+03
4.460000e-06	8.371116e-09	4.479260e-09	4.404342e+01	1.138444e+03
4.470000e-06	8.311466e-09	4.469082e-09	4.372958e+01	1.136067e+03
4.480000e-06	8.251222e-09	4.459977e-09	4.341261e+01	1.133646e+03
4.490000e-06	8.190326e-09	4.449750e-09	4.309222e+01	1.131175e+03
4.500000e-06	8.128715e-09	4.438444e-09	4.276807e+01	1.128651e+03
4.510000e-06	8.066390e-09	4.427765e-09	4.244015e+01	1.126072e+03
4.520000e-06	8.003400e-09	4.417829e-09	4.210874e+01	1.123438e+03
4.530000e-06	7.939802e-09	4.407974e-09	4.177413e+01	1.120747e+03
4.540000e-06	7.875684e-09	4.397739e-09	4.143678e+01	1.118002e+03
4.550000e-06	7.811102e-09	4.386990e-09	4.109699e+01	1.115204e+03
4.560000e-06	7.746036e-09	4.375521e-09	4.075466e+01	1.112356e+03
4.570000e-06	7.680429e-09	4.363227e-09	4.040947e+01	1.109460e+03
4.580000e-06	7.614258e-09	4.351435e-09	4.006132e+01	1.106519e+03
4.590000e-06	7.547553e-09	4.339687e-09	3.971036e+01	1.103534e+03
4.600000e-06	7.480350e-09	4.326831e-09	3.935679e+01	1.100508e+03
4.610000e-06	7.412640e-09	4.314040e-09	3.900054e+01	1.097439e+03
4.620000e-06	7.344383e-09	4.302122e-09	3.864141e+01	1.094326e+03
4.630000e-06	7.275554e-09	4.289936e-09	3.827928e+01	1.091169e+03
4.640000e-06	7.206145e-09	4.277398e-09	3.791410e+01	1.087964e+03
4.650000e-06	7.136154e-09	4.264541e-09	3.754585e+01	1.084709e+03
4.660000e-06	7.065605e-09	4.250629e-09	3.717467e+01	1.081400e+03
4.670000e-06	6.994533e-09	4.236318e-09	3.680074e+01	1.078035e+03
4.680000e-06	6.922957e-09	4.222492e-09	3.642415e+01	1.074610e+03
4.690000e-06	6.850896e-09	4.208431e-09	3.604501e+01	1.071125e+03
4.700000e-06	6.778372e-09	4.194063e-09	3.566344e+01	1.067579e+03
4.710000e-06	6.705402e-09	4.179654e-09	3.527952e+01	1.063970e+03
4.720000e-06	6.631966e-09	4.164989e-09	3.489314e+01	1.060300e+03
4.730000e-06	6.558040e-09	4.151021e-09	3.450419e+01	1.056569e+03
4.740000e-06	6.483635e-09	4.137537e-09	3.411272e+01	1.052778e+03
4.750000e-06	6.408758e-09	4.122886e-09	3.371876e+01	1.048930e+03
4.760000e-06	6.333395e-09	4.107308e-09	3.332225e+01	1.045023e+03
4.770000e-06	6.257516e-09	4.091515e-09	3.292303e+01	1.041059e+03
4.780000e-06	6.181093e-09	4.074945e-09	3.252094e+01	1.037037e+03
4.790000e-06	6.104130e-09	4.057474e-09	3.211602e+01	1.032954e+03
4.800000e-06	6.026656e-09	4.040251e-09	3.170840e+01	1.028808e+03
4.810000e-06	5.948703e-09	4.023345e-09	3.129826e+01	1.024595e+03
4.820000e-06	5.870289e-09	4.006677e-09	3.088570e+01	1.020310e+03
4.830000e-06	5.791423e-09	3.990467e-09	3.047077e+01	1.015948e+03
4.840000e-06	5.712091e-09	3.973739e-09	3.005337e+01	1.011503e+03
4.850000e-06	5.632269e-09	3.955591e-09	2.963340e+01	1.006971e+03
4.860000e-06	5.551965e-09	3.936309e-09	2.921089e+01	1.002346e+03
4.870000e-06	5.471236e-09	3.916488e-09	2.878614e+01	9.976242e+02
4.880000e-06	5.390139e-09	3.896632e-09	2.835946e+01	9.928027e+02
4.890000e-06	5.308701e-09	3.877003e-09	2.793099e+01	9.878794e+02
4.900000e-06	5.226929e-09	3.857160e-09	2.750076e+01	9.828535e+02
4.910000e-06	5.144828e-09	3.837240e-09	2.706880e+01	9.777250e+02
4.920000e-06	5.062409e-09	3.817738e-09	2.663516e+01	9.724951e+02
4.930000e-06	4.979688e-09	3.798418e-09	2.619993e+01	9.671653e+02
4.940000e-06	4.896684e-09	3.777665e-09	2.576322e+01	9.617375e+02
4.950000e-06	4.813409e-09	3.755013e-09	2.532508e+01	9.562134e+02
4.960000e-06	4.729858e-09	3.731779e-09	2.488549e+01	9.505945e+02
4.970000e-06	4.645999e-09	3.708643e-09	2.444427e+01	9.448815e+02
4.980000e-06	4.561785e-09	3.685675e-09	2.400119e+01	9.390744e+02
4.990000e-06	4.477179e-09	3.662587e-09	2.355605e+01	9.331719e+02
5.000000e-06	4.392166e-09	3.638817e-09	2.310877e+01	9.271718e+02
5.010000e-06	4.306766e-09	3.614666e-09	2.265945e+01	9.210708e+02
5.020000e-06	4.221022e-09	3.590700e-09	2.220832e+01	9.148649e+02
5.030000e-06	4.134970e-09	3.566929e-09	2.175558e+01	9.085490e+02
5.040000e-06	4.048626e-09	3.542429e-09	2.130129e+01	9.021175e+02
5.050000e-06	3.961986e-09	3.516956e-09	2.084545e+01	8.955644e+02
5.060000e-06	3.875057e-09	3.491352e-09	2.038809e+01	8.888835e+02
5.070000e-06	3.787834e-09	3.465598e-09	1.992918e+01	8.820683e+02
5.080000e-06	3.700314e-09	3.438531e-09	1.946870e+01	8.751125e+02
5.090000e-06	3.612506e-09	3.410069e-09	1.900672e+01	8.680096e+02
5.100000e-06	3.524417e-09	3.381217e-09	1.854324e+01	8.607533e+02
5.110000e-06	3.436053e-09	3.352484e-09	1.807833e+01	8.533372e+02
5.120000e-06	3.347439e-09	3.323769e-09	1.761210e+01	8.457548e+02
5.130000e-06	3.258593e-09	3.294333e-09	1.714465e+01	8.379995e+02
5.140000e-06	3.169523e-09	3.263231e-09	1.667602e+01	8.300647e+02
5.150000e-06	3.080232e-09	3.230780e-09	1.620623e+01	8.219435e+02
5.160000e-06	2.990728e-09	3.197966e-09	1.573531e+01	8.136288e+02
5.170000e-06	2.901031e-09	3.164515e-09	1.526339e+01	8.051136e+02
5.180000e-06	2.811168e-09	3.129663e-09	1.479059e+01	7.963909e+02
5.190000e-06	2.721155e-09	3.093450e-09	1.431699e+01	7.874538e+02
5.200000e-06	2.630991e-09	3.057065e-09	1.384261e+01	7.782958e+02
5.210000e-06	2.540680e-09	3.021285e-09	1.336745e+01	7.689106e+02
5.220000e-06	2.450228e-09	2.985063e-09	1.289155e+01	7.592926e+02
5.230000e-06	2.359628e-09	2.946512e-09	1.241487e+01	7.494362e+02
5.240000e-06	2.268877e-09	2.906051e-09	1.193739e+01	7.393363e+02
5.250000e-06	2.177980e-09	2.865043e-09	1.145915e+01	7.289879e+02
5.260000e-06	2.086933e-09	2.823476e-09	1.098012e+01	7.183854e+02
5.270000e-06	1.995736e-09	2.781096e-09	1.050030e+01	7.075229e+02
5.280000e-06	1.904386e-09	2.737818e-09	1.001967e+01	6.963930e+02
5.290000e-06	1.812878e-09	2.693466e-09	9.538215e+00	6.849868e+02
5.300000e-06	1.721219e-09	2.648385e-09	9.055965e+00	6.732934e+02
5.310000e-06	1.629434e-09	2.602723e-09	8.573049e+00	6.612991e+02
5.320000e-06	1.537550e-09	2.555318e-09	8.089614e+00	6.489875e+02
5.330000e-06	1.445583e-09	2.505191e-09	7.605741e+00	6.363390e+02
5.340000e-06	1.353537e-09	2.453352e-09	7.121457e+00	6.233310e+02
5.350000e-06	1.261417e-09	2.400577e-09	6.636777e+00	6.099378e+02
5.360000e-06	1.169212e-09	2.346247e-09	6.151655e+00	5.961313e+02
5.370000e-06	1.076912e-09	2.289914e-09	5.666032e+00	5.818812e+02
5.380000e-06	9.845120e-10	2.231461e-09	5.179883e+00	5.671558e+02
5.390000e-06	8.920080e-10	2.171314e-09	4.693187e+00	5.519229e+02
5.400000e-06	7.994015e-10	2.110007e-09	4.205953e+00	5.361506e+02
5.410000e-06	7.067038e-10	2.046958e-09	3.718238e+00	5.198080e+02
5.420000e-06	6.139314e-10	1.981090e-09	3.230130e+00	5.028666e+02
5.430000e-06	5.210978e-10	1.912429e-09	2.741700e+00	4.853006e+02
5.440000e-06	4.282228e-10	1.841378e-09	2.253053e+00	4.670878e+02
5.450000e-06	3.353340e-10	1.767800e-09	1.764333e+00	4.482102e+02
5.460000e-06	2.424480e-10	1.691438e-09	1.275628e+00	4.286546e+02
5.470000e-06	1.495767e-10	1.612324e-09	7.870003e-01	4.084123e+02
5.480000e-06	5.673082e-11	1.530503e-09	2.985064e-01	3.874800e+02
5.490000e-06	-3.609160e-11	1.446055e-09	-1.898643e-01	3.658589e+02
5.500000e-06	-1.288997e-10	1.359241e-09	-6.781596e-01	3.435555e+02
5.510000e-06	-2.217020e-10	1.270118e-09	-1.166424e+00	3.205808e+02
5.520000e-06	-3.144966e-10	1.178075e-09	-1.654649e+00	2.969502e+02
5.530000e-06	-4.072827e-10	1.082915e-09	-2.142829e+00	2.726835e+02
5.540000e-06	-5.000582e-10	9.850240e-10	-2.630953e+00	2.478046e+02
5.550000e-06	-5.928127e-10	8.845028e-10	-3.118966e+00	2.223411e+02
5.560000e-06	-6.855315e-10	7.814484e-10	-3.606791e+00	1.963246e+02
5.570000e-06	-7.781905e-10	6.767254e-10	-4.094303e+00	1.697900e+02
5.580000e-06	-8.707695e-10	5.710059e-10	-4.581393e+00	1.427760e+02
5.590000e-06	-9.632510e-10	4.640965e-10	-5.067971e+00	1.153245e+02
5.600000e-06	-1.055611e-09	3.556712e-10	-5.553911e+00	8.748069e+01
5.610000e-06	-1.147841e-09	2.459294e-10	-6.039162e+00	5.929259e+01
5.620000e-06	-1.239942e-09	1.347289e-10	-6.523740e+00	3.081101e+01
5.630000e-06	-1.331923e-09	2.181509e-11	-7.007686e+00	2.089027e+00
5.640000e-06	-1.423800e-09	-9.174034e-11	-7.491082e+00	-2.681843e+01
5.650000e-06	-1.515579e-09	-2.056260e-10	-7.973964e+00	-5.585512e+01
5.660000e-06	-1.607262e-09	-3.206457e-10	-8.456342e+00	-8.496409e+01
5.670000e-06	-1.698848e-09	-4.360863e-10	-8.938209e+00	-1.140882e+02
5.680000e-06	-1.790324e-09	-5.507227e-10	-9.419499e+00	-1.431709e+02
5.690000e-06	-1.881684e-09	-6.646058e-10	-9.900179e+00	-1.721564e+02
5.700000e-06	-1.972922e-09	-7.780962e-10	-1.038021e+01	-2.009905e+02
5.710000e-06	-2.064021e-09	-8.912782e-10	-1.085952e+01	-2.296209e+02
5.720000e-06	-2.154975e-09	-1.003977e-09	-1.133806e+01	-2.579971e+02
5.730000e-06	-2.245779e-09	-1.115156e-09	-1.181582e+01	-2.860710e+02
5.740000e-06	-2.336415e-09	-1.224090e-09	-1.229269e+01	-3.137963e+02
5.750000e-06	-2.426866e-09	-1.331351e-09	-1.276858e+01	-3.411289e+02
5.760000e-06	-2.517130e-09	-1.437140e-09	-1.324349e+01	-3.680266e+02
5.770000e-06	-2.607213e-09	-1.541018e-09	-1.371745e+01	-3.944489e+02
5.780000e-06	-2.697122e-09	-1.642934e-09	-1.419050e+01	-4.203564e+02
5.790000e-06	-2.786865e-09	-1.742879e-09	-1.466266e+01	-4.457117e+02
5.800000e-06	-2.876442e-09	-1.840590e-09	-1.513396e+01	-4.704783e+02
5.810000e-06	-2.965851e-09	-1.936122e-09	-1.560437e+01	-4.946217e+02
5.820000e-06	-3.055085e-09	-2.029123e-09	-1.607387e+01	-5.181092e+02
5.830000e-06	-3.144135e-09	-2.118627e-09	-1.654239e+01	-5.409104e+02
5.840000e-06	-3.232981e-09	-2.204900e-09	-1.700984e+01	-5.629981e+02
5.850000e-06	-3.321608e-09	-2.289391e-09	-1.747615e+01	-5.843485e+02
5.860000e-06	-3.409990e-09	-2.371921e-09	-1.794116e+01	-6.049427e+02
5.870000e-06	-3.498106e-09	-2.451150e-09	-1.840477e+01	-6.247665e+02
5.880000e-06	-3.585946e-09	-2.526532e-09	-1.886693e+01	-6.438119e+02
5.890000e-06	-3.673494e-09	-2.598307e-09	-1.932755e+01	-6.620768e+02
5.900000e-06	-3.760730e-09	-2.667200e-09	-1.978653e+01	-6.795661e+02
5.910000e-06	-3.847647e-09	-2.734019e-09	-2.024382e+01	-6.962909e+02
5.920000e-06	-3.934264e-09	-2.798025e-09	-2.069955e+01	-7.122691e+02
5.930000e-06	-4.020599e-09	-2.858188e-09	-2.115378e+01	-7.275242e+02
5.940000e-06	-4.106654e-09	-2.915248e-09	-2.160655e+01	-7.420852e+02
5.950000e-06	-4.192436e-09	-2.970138e-09	-2.205787e+01	-7.559848e+02
5.960000e-06	-4.277931e-09	-3.022948e-09	-2.250769e+01	-7.692591e+02
5.970000e-06	-4.363099e-09	-3.073295e-09	-2.295579e+01	-7.819460e+02
5.980000e-06	-4.447898e-09	-3.120785e-09	-2.340195e+01	-7.940837e+02
5.990000e-06	-4.532303e-09	-3.165957e-09	-2.384603e+01	-8.057101e+02
6.000000e-06	-4.616313e-09	-3.209723e-09	-2.428804e+01	-8.168613e+02
6.010000e-06	-4.699957e-09	-3.252281e-09	-2.472812e+01	-8.275708e+02
6.020000e-06	-4.783273e-09	-3.293468e-09	-2.516648e+01	-8.378693e+02
6.030000e-06	-4.866282e-09	-3.333118e-09	-2.560322e+01	-8.477836e+02
6.040000e-06	-4.948978e-09	-3.371341e-09	-2.603831e+01	-8.573374e+02
6.050000e-06	-5.031352e-09	-3.407601e-09	-2.647171e+01	-8.665509e+02
6.060000e-06	-5.113394e-09	-3.442263e-09	-2.690336e+01	-8.754411e+02
6.070000e-06	-5.195106e-09	-3.476527e-09	-2.733328e+01	-8.840229e+02
6.080000e-06	-5.276508e-09	-3.510166e-09	-2.776156e+01	-8.923092e+02
6.090000e-06	-5.357605e-09	-3.542925e-09	-2.818825e+01	-9.003118e+02
6.100000e-06	-5.438385e-09	-3.574638e-09	-2.861326e+01	-9.080419e+02
6.110000e-06	-5.518805e-09	-3.604788e-09	-2.903638e+01	-9.155109e+02
6.120000e-06	-5.598802e-09	-3.633006e-09	-2.945727e+01	-9.227303e+02
6.130000e-06	-5.678324e-09	-3.659234e-09	-2.987567e+01	-9.297124e+02
6.140000e-06	-5.757347e-09	-3.684020e-09	-3.029143e+01	-9.364699e+02
6.150000e-06	-5.835872e-09	-3.708489e-09	-3.070458e+01	-9.430163e+02
6.160000e-06	-5.913888e-09	-3.733100e-09	-3.111505e+01	-9.493650e+02
6.170000e-06	-5.991374e-09	-3.757948e-09	-3.152272e+01	-9.555296e+02
6.180000e-06	-6.068310e-09	-3.782775e-09	-3.192751e+01	-9.615229e+02
6.190000e-06	-6.144686e-09	-3.806560e-09	-3.232935e+01	-9.673568e+02
6.200000e-06	-6.220535e-09	-3.829050e-09	-3.272842e+01	-9.730420e+02
6.210000e-06	-6.295917e-09	-3.850546e-09	-3.312503e+01	-9.785871e+02
6.220000e-06	-6.370869e-09	-3.871416e-09	-3.351938e+01	-9.839994e+02
6.230000e-06	-6.445386e-09	-3.891779e-09	-3.391144e+01	-9.892839e+02
6.240000e-06	-6.519442e-09	-3.911647e-09	-3.430107e+01	-9.944442e+02
6.250000e-06	-6.593033e-09	-3.931025e-09	-3.468826e+01	-9.994821e+02
6.260000e-06	-6.666185e-09	-3.950205e-09	-3.507314e+01	-1.004398e+03
6.270000e-06	-6.738914e-09	-3.969844e-09	-3.545580e+01	-1.009193e+03
6.280000e-06	-6.811202e-09	-3.989677e-09	-3.583613e+01	-1.013865e+03
6.290000e-06	-6.883018e-09	-4.008611e-09	-3.621398e+01	-1.018415e+03
6.300000e-06	-6.954328e-09	-4.026075e-09	-3.658917e+01	-1.022843e+03
6.310000e-06	-7.025096e-09	-4.042660e-09	-3.696150e+01	-1.027151e+03
6.320000e-06	-7.095292e-09	-4.058939e-09	-3.733083e+01	-1.031339e+03
6.330000e-06	-7.164916e-09	-4.074714e-09	-3.769714e+01	-1.035413e+03
6.340000e-06	-7.233977e-09	-4.089837e-09	-3.806049e+01	-1.039376e+03
6.350000e-06	-7.302482e-09	-4.104719e-09	-3.842092e+01	-1.043233e+03
6.360000e-06	-7.370450e-09	-4.120078e-09	-3.877853e+01	-1.046991e+03
6.370000e-06	-7.437922e-09	-4.135582e-09	-3.913352e+01	-1.050657e+03
6.380000e-06	-7.504926e-09	-4.150755e-09	-3.948605e+01	-1.054237e+03
6.390000e-06	-7.571443e-09	-4.165210e-09	-3.983603e+01	-1.057737e+03
6.400000e-06	-7.637426e-09	-4.178343e-09	-4.018318e+01	-1.061163e+03
6.410000e-06	-7.702861e-09	-4.190789e-09	-4.052746e+01	-1.064521e+03
6.420000e-06	-7.767777e-09	-4.203438e-09	-4.086901e+01	-1.067815e+03
6.430000e-06	-7.832180e-09	-4.216180e-09	-4.120786e+01	-1.071047e+03
6.440000e-06	-7.896049e-09	-4.228544e-09	-4.154390e+01	-1.074219e+03
6.450000e-06	-7.959355e-09	-4.240983e-09	-4.187697e+01	-1.077334e+03
6.460000e-06	-8.022057e-09	-4.253892e-09	-4.220687e+01	-1.080391e+03
6.470000e-06	-8.084106e-09	-4.266302e-09	-4.253333e+01	-1.083391e+03
6.480000e-06	-8.145490e-09	-4.277440e-09	-4.285629e+01	-1.086333e+03
6.490000e-06	-8.206241e-09	-4.287768e-09	-4.317592e+01	-1.089217e+03
6.500000e-06	-8.266394e-09	-4.297812e-09	-4.349241e+01	-1.092044e+03
6.510000e-06	-8.325986e-09	-4.308259e-09	-4.380595e+01	-1.094815e+03
6.520000e-06	-8.385035e-09	-4.319288e-09	-4.411662e+01	-1.097529e+03
6.530000e-06	-8.443506e-09	-4.329783e-09	-4.442426e+01	-1.100188e+03
6.540000e-06	-8.501352e-09	-4.339623e-09	-4.472861e+01	-1.102796e+03
6.550000e-06	-8.558583e-09	-4.349553e-09	-4.502972e+01	-1.105354e+03
6.560000e-06	-8.615233e-09	-4.359279e-09	-4.532778e+01	-1.107866e+03
6.570000e-06	-8.671304e-09	-4.368764e-09	-4.562279e+01	-1.110334e+03
6.580000e-06	-8.726754e-09	-4.378133e-09	-4.591453e+01	-1.112762e+03
6.590000e-06	-8.781491e-09	-4.386957e-09	-4.620252e+01	-1.115154e+03
6.600000e-06	-8.835435e-09	-4.395512e-09	-4.648634e+01	-1.117512e+03
6.610000e-06	-8.888568e-09	-4.404459e-09	-4.676589e+01	-1.119838e+03
6.620000e-06	-8.940930e-09	-4.413587e-09	-4.704138e+01	-1.122135e+03
6.630000e-06	-8.992588e-09	-4.422365e-09	-4.731317e+01	-1.124405e+03
6.640000e-06	-9.043578e-09	-4.430966e-09	-4.758145e+01	-1.126648e+03
6.650000e-06	-9.093869e-09	-4.439134e-09	-4.784605e+01	-1.128864e+03
6.660000e-06	-9.143369e-09	-4.446527e-09	-4.810648e+01	-1.131055e+03
6.670000e-06	-9.191991e-09	-4.453893e-09	-4.836230e+01	-1.133218e+03
6.680000e-06	-9.239730e-09	-4.461770e-09	-4.861347e+01	-1.135354e+03
6.690000e-06	-9.286688e-09	-4.470196e-09	-4.886053e+01	-1.137462e+03
6.700000e-06	-9.333006e-09	-4.478930e-09	-4.910423e+01	-1.139540e+03
6.710000e-06	-9.378741e-09	-4.487323e-09	-4.934486e+01	-1.141588e+03
6.720000e-06	-9.423886e-09	-4.495190e-09	-4.958238e+01	-1.143604e+03
6.730000e-06	-9.468462e-09	-4.502701e-09	-4.981691e+01	-1.145586e+03
6.740000e-06	-9.512512e-09	-4.509597e-09	-5.004868e+01	-1.147535e+03
6.750000e-06	-9.556032e-09	-4.515505e-09	-5.027765e+01	-1.149450e+03
6.760000e-06	-9.598965e-09	-4.521286e-09	-5.050354e+01	-1.151330e+03
6.770000e-06	-9.641269e-09	-4.528074e-09	-5.072612e+01	-1.153175e+03
6.780000e-06	-9.682922e-09	-4.535872e-09	-5.094527e+01	-1.154984e+03
6.790000e-06	-9.723915e-09	-4.543922e-09	-5.116095e+01	-1.156759e+03
6.800000e-06	-9.764285e-09	-4.551278e-09	-5.137335e+01	-1.158499e+03
6.810000e-06	-9.804048e-09	-4.557234e-09	-5.158256e+01	-1.160205e+03
6.820000e-06	-9.843083e-09	-4.562402e-09	-5.178793e+01	-1.161878e+03
6.830000e-06	-9.881214e-09	-4.567827e-09	-5.198855e+01	-1.163519e+03
6.840000e-06	-9.918413e-09	-4.573464e-09	-5.218427e+01	-1.165128e+03
6.850000e-06	-9.954835e-09	-4.579077e-09	-5.237590e+01	-1.166706e+03
6.860000e-06	-9.990627e-09	-4.584775e-09	-5.256422e+01	-1.168255e+03
6.870000e-06	-1.002580e-08	-4.590854e-09	-5.274925e+01	-1.169774e+03
6.880000e-06	-1.006028e-08	-4.597306e-09	-5.293070e+01	-1.171263e+03
6.890000e-06	-1.009406e-08	-4.603505e-09	-5.310841e+01	-1.172724e+03
6.900000e-06	-1.012714e-08	-4.608590e-09	-5.328244e+01	-1.174155e+03
6.910000e-06	-1.015957e-08	-4.612486e-09	-5.345308e+01	-1.175556e+03
6.920000e-06	-1.019139e-08	-4.616568e-09	-5.362051e+01	-1.176927e+03
6.930000e-06	-1.022245e-08	-4.621622e-09	-5.378392e+01	-1.178267e+03
6.940000e-06	-1.025252e-08	-4.627127e-09	-5.394212e+01	-1.179575e+03
6.950000e-06	-1.028158e-08	-4.632387e-09	-5.409501e+01	-1.180850e+03
6.960000e-06	-1.030986e-08	-4.637086e-09	-5.424381e+01	-1.182092e+03
6.970000e-06	-1.033752e-08	-4.641455e-09	-5.438933e+01	-1.183299e+03
6.980000e-06	-1.036450e-08	-4.645841e-09	-5.453130e+01	-1.184472e+03
6.990000e-06	-1.039073e-08	-4.650195e-09	-5.466932e+01	-1.185611e+03
7.000000e-06	-1.041620e-08	-4.654067e-09	-5.480329e+01	-1.186715e+03
7.010000e-06	-1.044094e-08	-4.657788e-09	-5.493347e+01	-1.187785e+03
7.020000e-06	-1.046511e-08	-4.661931e-09	-5.506063e+01	-1.188822e+03
7.030000e-06	-1.048871e-08	-4.666167e-09	-5.518480e+01	-1.189826e+03
7.040000e-06	-1.051149e-08	-4.670146e-09	-5.530468e+01	-1.190799e+03
7.050000e-06	-1.053323e-08	-4.673508e-09	-5.541902e+01	-1.191740e+03
7.060000e-06	-1.055399e-08	-4.676231e-09	-5.552827e+01	-1.192650e+03
7.070000e-06	-1.057405e-08	-4.679297e-09	-5.563384e+01	-1.193530e+03
7.080000e-06	-1.059349e-08	-4.682799e-09	-5.573607e+01	-1.194379e+03
7.090000e-06	-1.061220e-08	-4.686097e-09	-5.583454e+01	-1.195196e+03
7.100000e-06	-1.063019e-08	-4.689132e-09	-5.592917e+01	-1.195983e+03
7.110000e-06	-1.064743e-08	-4.692192e-09	-5.601988e+01	-1.196737e+03
7.120000e-06	-1.066397e-08	-4.695201e-09	-5.610689e+01	-1.197457e+03
7.130000e-06	-1.067992e-08	-4.697861e-09	-5.619085e+01	-1.198144e+03
7.140000e-06	-1.069516e-08	-4.700216e-09	-5.627102e+01	-1.198797e+03
7.150000e-06	-1.070932e-08	-4.702447e-09	-5.634551e+01	-1.199415e+03
7.160000e-06	-1.072233e-08	-4.704837e-09	-5.641398e+01	-1.200000e+03
7.170000e-06	-1.073445e-08	-4.707575e-09	-5.647773e+01	-1.200551e+03
7.180000e-06	-1.074580e-08	-4.710213e-09	-5.653743e+01	-1.201072e+03
7.190000e-06	-1.075637e-08	-4.712585e-09	-5.659307e+01	-1.201563e+03
7.200000e-06	-1.076620e-08	-4.714720e-09	-5.664477e+01	-1.202028e+03
7.210000e-06	-1.077526e-08	-4.716114e-09	-5.669245e+01	-1.202468e+03
7.220000e-06	-1.078363e-08	-4.717115e-09	-5.673651e+01	-1.202887e+03
7.230000e-06	-1.079142e-08	-4.718592e-09	-5.677750e+01	-1.203286e+03
7.240000e-06	-1.079844e-08	-4.720547e-09	-5.681440e+01	-1.203666e+03
7.250000e-06	-1.080439e-08	-4.722557e-09	-5.684572e+01	-1.204028e+03
7.260000e-06	-1.080932e-08	-4.724422e-09	-5.687164e+01	-1.204372e+03
7.270000e-06	-1.081350e-08	-4.726052e-09	-5.689366e+01	-1.204696e+03
7.280000e-06	-1.081708e-08	-4.727235e-09	-5.691249e+01	-1.204998e+03
7.290000e-06	-1.081997e-08	-4.728331e-09	-5.692771e+01	-1.205273e+03
7.300000e-06	-1.082218e-08	-4.729547e-09	-5.693929e+01	-1.205518e+03
7.310000e-06	-1.082362e-08	-4.730458e-09	-5.694688e+01	-1.205728e+03
7.320000e-06	-1.082428e-08	-4.731240e-09	-5.695038e+01	-1.205899e+03
