# Temperatura_=_-2.2799999999999994
# Concentracion g/m^3_=_19900.0
# C_Vs_to_Am_M_A/Vsm_=_254322799225.57578
# pendiente_HvsI_1/m_=_3716.3
# ordenada_HvsI_A/m_=_1297.0
# frecuencia_Hz_=_136555.13389276282
# Promedio de 280 ciclos

Tiempo_(s)	Campo_(V.s)	Magnetizacion_(V.s)	Campo_(kA/m)	Magnetizacion_(A/m)
0.000000e+00	-1.082216e-08	-3.842948e-09	-5.695353e+01	-9.703316e+02
1.000000e-08	-1.082206e-08	-3.844009e-09	-5.695301e+01	-9.704821e+02
2.000000e-08	-1.082128e-08	-3.843897e-09	-5.694890e+01	-9.706283e+02
3.000000e-08	-1.081952e-08	-3.843138e-09	-5.693964e+01	-9.707601e+02
4.000000e-08	-1.081673e-08	-3.843799e-09	-5.692496e+01	-9.708665e+02
5.000000e-08	-1.081314e-08	-3.845458e-09	-5.690608e+01	-9.709359e+02
6.000000e-08	-1.080898e-08	-3.845551e-09	-5.688419e+01	-9.709574e+02
7.000000e-08	-1.080422e-08	-3.845735e-09	-5.685913e+01	-9.709227e+02
8.000000e-08	-1.079873e-08	-3.848826e-09	-5.683023e+01	-9.708264e+02
9.000000e-08	-1.079239e-08	-3.848976e-09	-5.679690e+01	-9.706673e+02
1.000000e-07	-1.078504e-08	-3.837576e-09	-5.675820e+01	-9.704487e+02
1.100000e-07	-1.077637e-08	-3.827814e-09	-5.671259e+01	-9.701784e+02
1.200000e-07	-1.076625e-08	-3.838545e-09	-5.665933e+01	-9.698687e+02
1.300000e-07	-1.075517e-08	-3.861803e-09	-5.660098e+01	-9.695352e+02
1.400000e-07	-1.074377e-08	-3.862112e-09	-5.654100e+01	-9.691958e+02
1.500000e-07	-1.073191e-08	-3.829907e-09	-5.647861e+01	-9.688697e+02
1.600000e-07	-1.071910e-08	-3.822937e-09	-5.641118e+01	-9.685753e+02
1.700000e-07	-1.070547e-08	-3.850745e-09	-5.633945e+01	-9.683292e+02
1.800000e-07	-1.069126e-08	-3.835160e-09	-5.626467e+01	-9.681447e+02
1.900000e-07	-1.067597e-08	-3.793421e-09	-5.618419e+01	-9.680309e+02
2.000000e-07	-1.065944e-08	-3.815465e-09	-5.609724e+01	-9.679917e+02
2.100000e-07	-1.064234e-08	-3.850335e-09	-5.600723e+01	-9.680260e+02
2.200000e-07	-1.062478e-08	-3.824770e-09	-5.591480e+01	-9.681274e+02
2.300000e-07	-1.060633e-08	-3.814322e-09	-5.581774e+01	-9.682856e+02
2.400000e-07	-1.058707e-08	-3.842858e-09	-5.571637e+01	-9.684867e+02
2.500000e-07	-1.056728e-08	-3.818047e-09	-5.561221e+01	-9.687149e+02
2.600000e-07	-1.054680e-08	-3.776393e-09	-5.550442e+01	-9.689538e+02
2.700000e-07	-1.052550e-08	-3.803790e-09	-5.539231e+01	-9.691879e+02
2.800000e-07	-1.050354e-08	-3.817018e-09	-5.527674e+01	-9.694037e+02
2.900000e-07	-1.048085e-08	-3.788238e-09	-5.515735e+01	-9.695909e+02
3.000000e-07	-1.045736e-08	-3.819172e-09	-5.503373e+01	-9.697431e+02
3.100000e-07	-1.043330e-08	-3.860930e-09	-5.490714e+01	-9.698578e+02
3.200000e-07	-1.040862e-08	-3.833227e-09	-5.477722e+01	-9.699361e+02
3.300000e-07	-1.038291e-08	-3.825681e-09	-5.464191e+01	-9.699826e+02
3.400000e-07	-1.035613e-08	-3.854130e-09	-5.450102e+01	-9.700039e+02
3.500000e-07	-1.032859e-08	-3.818593e-09	-5.435605e+01	-9.700078e+02
3.600000e-07	-1.030044e-08	-3.777630e-09	-5.420790e+01	-9.700017e+02
3.700000e-07	-1.027170e-08	-3.800918e-09	-5.405666e+01	-9.699916e+02
3.800000e-07	-1.024226e-08	-3.788934e-09	-5.390175e+01	-9.699811e+02
3.900000e-07	-1.021200e-08	-3.755175e-09	-5.374248e+01	-9.699700e+02
4.000000e-07	-1.018096e-08	-3.786112e-09	-5.357912e+01	-9.699548e+02
4.100000e-07	-1.014927e-08	-3.791631e-09	-5.341236e+01	-9.699278e+02
4.200000e-07	-1.011697e-08	-3.758768e-09	-5.324238e+01	-9.698781e+02
4.300000e-07	-1.008395e-08	-3.784203e-09	-5.306862e+01	-9.697920e+02
4.400000e-07	-1.005001e-08	-3.800979e-09	-5.288998e+01	-9.696544e+02
4.500000e-07	-1.001509e-08	-3.770323e-09	-5.270622e+01	-9.694498e+02
4.600000e-07	-9.979408e-09	-3.774992e-09	-5.251844e+01	-9.691636e+02
4.700000e-07	-9.943121e-09	-3.787754e-09	-5.232747e+01	-9.687839e+02
4.800000e-07	-9.906201e-09	-3.768605e-09	-5.213317e+01	-9.683018e+02
4.900000e-07	-9.868577e-09	-3.766821e-09	-5.193517e+01	-9.677129e+02
5.000000e-07	-9.830236e-09	-3.772777e-09	-5.173340e+01	-9.670170e+02
5.100000e-07	-9.791215e-09	-3.760591e-09	-5.152804e+01	-9.662188e+02
5.200000e-07	-9.751594e-09	-3.758907e-09	-5.131953e+01	-9.653271e+02
5.300000e-07	-9.711386e-09	-3.764138e-09	-5.110792e+01	-9.643541e+02
5.400000e-07	-9.670415e-09	-3.755830e-09	-5.089231e+01	-9.633143e+02
5.500000e-07	-9.628481e-09	-3.749399e-09	-5.067162e+01	-9.622234e+02
5.600000e-07	-9.585585e-09	-3.748705e-09	-5.044588e+01	-9.610969e+02
5.700000e-07	-9.541881e-09	-3.744249e-09	-5.021588e+01	-9.599490e+02
5.800000e-07	-9.497530e-09	-3.739920e-09	-4.998248e+01	-9.587912e+02
5.900000e-07	-9.452615e-09	-3.736954e-09	-4.974610e+01	-9.576319e+02
6.000000e-07	-9.407108e-09	-3.733457e-09	-4.950662e+01	-9.564759e+02
6.100000e-07	-9.360948e-09	-3.730478e-09	-4.926369e+01	-9.553242e+02
6.200000e-07	-9.314129e-09	-3.725375e-09	-4.901729e+01	-9.541742e+02
6.300000e-07	-9.266659e-09	-3.719936e-09	-4.876748e+01	-9.530205e+02
6.400000e-07	-9.218506e-09	-3.716527e-09	-4.851407e+01	-9.518556e+02
6.500000e-07	-9.169577e-09	-3.710226e-09	-4.825657e+01	-9.506708e+02
6.600000e-07	-9.119744e-09	-3.703970e-09	-4.799432e+01	-9.494575e+02
6.700000e-07	-9.068957e-09	-3.702292e-09	-4.772704e+01	-9.482078e+02
6.800000e-07	-9.017270e-09	-3.698450e-09	-4.745503e+01	-9.469154e+02
6.900000e-07	-8.964783e-09	-3.691439e-09	-4.717881e+01	-9.455762e+02
7.000000e-07	-8.911595e-09	-3.687382e-09	-4.689890e+01	-9.441887e+02
7.100000e-07	-8.857753e-09	-3.682480e-09	-4.661555e+01	-9.427537e+02
7.200000e-07	-8.803289e-09	-3.674330e-09	-4.632892e+01	-9.412742e+02
7.300000e-07	-8.748281e-09	-3.668838e-09	-4.603943e+01	-9.397549e+02
7.400000e-07	-8.692773e-09	-3.664964e-09	-4.574731e+01	-9.382015e+02
7.500000e-07	-8.636739e-09	-3.658190e-09	-4.545242e+01	-9.366199e+02
7.600000e-07	-8.580125e-09	-3.651942e-09	-4.515448e+01	-9.350154e+02
7.700000e-07	-8.522859e-09	-3.647404e-09	-4.485311e+01	-9.333924e+02
7.800000e-07	-8.464823e-09	-3.641018e-09	-4.454769e+01	-9.317533e+02
7.900000e-07	-8.405983e-09	-3.633547e-09	-4.423803e+01	-9.300987e+02
8.000000e-07	-8.346427e-09	-3.627839e-09	-4.392461e+01	-9.284275e+02
8.100000e-07	-8.286255e-09	-3.622303e-09	-4.360795e+01	-9.267364e+02
8.200000e-07	-8.225509e-09	-3.615538e-09	-4.328826e+01	-9.250207e+02
8.300000e-07	-8.164189e-09	-3.608651e-09	-4.296555e+01	-9.232750e+02
8.400000e-07	-8.102288e-09	-3.601970e-09	-4.263979e+01	-9.214935e+02
8.500000e-07	-8.039820e-09	-3.594518e-09	-4.231104e+01	-9.196707e+02
8.600000e-07	-7.976861e-09	-3.586529e-09	-4.197970e+01	-9.178018e+02
8.700000e-07	-7.913453e-09	-3.579131e-09	-4.164601e+01	-9.158834e+02
8.800000e-07	-7.849526e-09	-3.572029e-09	-4.130958e+01	-9.139139e+02
8.900000e-07	-7.785039e-09	-3.564496e-09	-4.097021e+01	-9.118930e+02
9.000000e-07	-7.719998e-09	-3.557337e-09	-4.062792e+01	-9.098220e+02
9.100000e-07	-7.654351e-09	-3.550433e-09	-4.028244e+01	-9.077036e+02
9.200000e-07	-7.588019e-09	-3.542212e-09	-3.993336e+01	-9.055412e+02
9.300000e-07	-7.520985e-09	-3.533131e-09	-3.958058e+01	-9.033386e+02
9.400000e-07	-7.453334e-09	-3.524296e-09	-3.922456e+01	-9.010992e+02
9.500000e-07	-7.385165e-09	-3.515376e-09	-3.886581e+01	-8.988261e+02
9.600000e-07	-7.316538e-09	-3.506402e-09	-3.850464e+01	-8.965209e+02
9.700000e-07	-7.247481e-09	-3.497935e-09	-3.814122e+01	-8.941843e+02
9.800000e-07	-7.177954e-09	-3.489200e-09	-3.777532e+01	-8.918153e+02
9.900000e-07	-7.107917e-09	-3.479605e-09	-3.740674e+01	-8.894121e+02
1.000000e-06	-7.037387e-09	-3.469798e-09	-3.703556e+01	-8.869713e+02
1.010000e-06	-6.966403e-09	-3.460061e-09	-3.666200e+01	-8.844892e+02
1.020000e-06	-6.894966e-09	-3.450274e-09	-3.628605e+01	-8.819619e+02
1.030000e-06	-6.823067e-09	-3.440674e-09	-3.590767e+01	-8.793853e+02
1.040000e-06	-6.750690e-09	-3.430784e-09	-3.552677e+01	-8.767563e+02
1.050000e-06	-6.677787e-09	-3.420303e-09	-3.514310e+01	-8.740726e+02
1.060000e-06	-6.604313e-09	-3.409619e-09	-3.475644e+01	-8.713330e+02
1.070000e-06	-6.530227e-09	-3.398872e-09	-3.436655e+01	-8.685375e+02
1.080000e-06	-6.455505e-09	-3.387823e-09	-3.397332e+01	-8.656871e+02
1.090000e-06	-6.380177e-09	-3.376551e-09	-3.357689e+01	-8.627838e+02
1.100000e-06	-6.304290e-09	-3.364935e-09	-3.317752e+01	-8.598301e+02
1.110000e-06	-6.227894e-09	-3.352891e-09	-3.277547e+01	-8.568283e+02
1.120000e-06	-6.151043e-09	-3.340777e-09	-3.237103e+01	-8.537808e+02
1.130000e-06	-6.073764e-09	-3.328990e-09	-3.196434e+01	-8.506890e+02
1.140000e-06	-5.996036e-09	-3.317109e-09	-3.155528e+01	-8.475536e+02
1.150000e-06	-5.917833e-09	-3.304958e-09	-3.114372e+01	-8.443740e+02
1.160000e-06	-5.839141e-09	-3.293031e-09	-3.072960e+01	-8.411484e+02
1.170000e-06	-5.759970e-09	-3.281024e-09	-3.031295e+01	-8.378738e+02
1.180000e-06	-5.680344e-09	-3.268019e-09	-2.989391e+01	-8.345466e+02
1.190000e-06	-5.600265e-09	-3.254068e-09	-2.947247e+01	-8.311624e+02
1.200000e-06	-5.519701e-09	-3.240240e-09	-2.904849e+01	-8.277166e+02
1.210000e-06	-5.438637e-09	-3.226805e-09	-2.862188e+01	-8.242048e+02
1.220000e-06	-5.357112e-09	-3.213211e-09	-2.819284e+01	-8.206230e+02
1.230000e-06	-5.275204e-09	-3.199263e-09	-2.776178e+01	-8.169680e+02
1.240000e-06	-5.192973e-09	-3.184782e-09	-2.732903e+01	-8.132373e+02
1.250000e-06	-5.110448e-09	-3.169742e-09	-2.689472e+01	-8.094294e+02
1.260000e-06	-5.027646e-09	-3.154924e-09	-2.645896e+01	-8.055434e+02
1.270000e-06	-4.944571e-09	-3.140564e-09	-2.602176e+01	-8.015786e+02
1.280000e-06	-4.861213e-09	-3.125192e-09	-2.558308e+01	-7.975348e+02
1.290000e-06	-4.777557e-09	-3.108221e-09	-2.514282e+01	-7.934113e+02
1.300000e-06	-4.693597e-09	-3.091769e-09	-2.470097e+01	-7.892069e+02
1.310000e-06	-4.609334e-09	-3.076294e-09	-2.425752e+01	-7.849195e+02
1.320000e-06	-4.524778e-09	-3.060016e-09	-2.381253e+01	-7.805460e+02
1.330000e-06	-4.439933e-09	-3.042494e-09	-2.336601e+01	-7.760823e+02
1.340000e-06	-4.354795e-09	-3.024628e-09	-2.291796e+01	-7.715232e+02
1.350000e-06	-4.269348e-09	-3.006702e-09	-2.246827e+01	-7.668628e+02
1.360000e-06	-4.183581e-09	-2.988578e-09	-2.201692e+01	-7.620951e+02
1.370000e-06	-4.097519e-09	-2.969779e-09	-2.156400e+01	-7.572138e+02
1.380000e-06	-4.011191e-09	-2.949832e-09	-2.110968e+01	-7.522134e+02
1.390000e-06	-3.924627e-09	-2.929311e-09	-2.065412e+01	-7.470893e+02
1.400000e-06	-3.837848e-09	-2.908966e-09	-2.019743e+01	-7.418381e+02
1.410000e-06	-3.750860e-09	-2.888631e-09	-1.973964e+01	-7.364580e+02
1.420000e-06	-3.663655e-09	-2.867359e-09	-1.928071e+01	-7.309486e+02
1.430000e-06	-3.576224e-09	-2.844449e-09	-1.882058e+01	-7.253107e+02
1.440000e-06	-3.488547e-09	-2.820823e-09	-1.835917e+01	-7.195460e+02
1.450000e-06	-3.400609e-09	-2.797821e-09	-1.789638e+01	-7.136565e+02
1.460000e-06	-3.312389e-09	-2.774983e-09	-1.743211e+01	-7.076442e+02
1.470000e-06	-3.223867e-09	-2.750616e-09	-1.696624e+01	-7.015097e+02
1.480000e-06	-3.135047e-09	-2.724646e-09	-1.649881e+01	-6.952522e+02
1.490000e-06	-3.045948e-09	-2.698666e-09	-1.602991e+01	-6.888688e+02
1.500000e-06	-2.956599e-09	-2.673340e-09	-1.555970e+01	-6.823539e+02
1.510000e-06	-2.867038e-09	-2.647700e-09	-1.508837e+01	-6.756993e+02
1.520000e-06	-2.777298e-09	-2.620448e-09	-1.461610e+01	-6.688941e+02
1.530000e-06	-2.687393e-09	-2.591683e-09	-1.414296e+01	-6.619250e+02
1.540000e-06	-2.597331e-09	-2.562800e-09	-1.366900e+01	-6.547773e+02
1.550000e-06	-2.507118e-09	-2.534479e-09	-1.319424e+01	-6.474349e+02
1.560000e-06	-2.416741e-09	-2.505441e-09	-1.271862e+01	-6.398817e+02
1.570000e-06	-2.326192e-09	-2.474505e-09	-1.224209e+01	-6.321022e+02
1.580000e-06	-2.235454e-09	-2.442068e-09	-1.176456e+01	-6.240823e+02
1.590000e-06	-2.144509e-09	-2.409196e-09	-1.128595e+01	-6.158098e+02
1.600000e-06	-2.053350e-09	-2.376180e-09	-1.080621e+01	-6.072751e+02
1.610000e-06	-1.961982e-09	-2.342308e-09	-1.032537e+01	-5.984708e+02
1.620000e-06	-1.870405e-09	-2.306642e-09	-9.843429e+00	-5.893917e+02
1.630000e-06	-1.778622e-09	-2.269030e-09	-9.360408e+00	-5.800343e+02
1.640000e-06	-1.686657e-09	-2.230479e-09	-8.876424e+00	-5.703959e+02
1.650000e-06	-1.594548e-09	-2.191623e-09	-8.391686e+00	-5.604738e+02
1.660000e-06	-1.502336e-09	-2.151970e-09	-7.906400e+00	-5.502638e+02
1.670000e-06	-1.410045e-09	-2.110515e-09	-7.420703e+00	-5.397595e+02
1.680000e-06	-1.317696e-09	-2.067213e-09	-6.934699e+00	-5.289515e+02
1.690000e-06	-1.225289e-09	-2.023165e-09	-6.448389e+00	-5.178259e+02
1.700000e-06	-1.132817e-09	-1.978328e-09	-5.961735e+00	-5.063647e+02
1.710000e-06	-1.040270e-09	-1.931889e-09	-5.474691e+00	-4.945455e+02
1.720000e-06	-9.476436e-10	-1.883605e-09	-4.987227e+00	-4.823416e+02
1.730000e-06	-8.549417e-10	-1.833249e-09	-4.499366e+00	-4.697229e+02
1.740000e-06	-7.621635e-10	-1.781033e-09	-4.011103e+00	-4.566572e+02
1.750000e-06	-6.693125e-10	-1.727637e-09	-3.522457e+00	-4.431111e+02
1.760000e-06	-5.764023e-10	-1.672576e-09	-3.033500e+00	-4.290519e+02
1.770000e-06	-4.834430e-10	-1.614848e-09	-2.544284e+00	-4.144490e+02
1.780000e-06	-3.904479e-10	-1.554436e-09	-2.054880e+00	-3.992753e+02
1.790000e-06	-2.974407e-10	-1.491734e-09	-1.565412e+00	-3.835088e+02
1.800000e-06	-2.044348e-10	-1.427033e-09	-1.075952e+00	-3.671335e+02
1.810000e-06	-1.114366e-10	-1.360282e-09	-5.865308e-01	-3.501399e+02
1.820000e-06	-1.845544e-11	-1.290684e-09	-9.720007e-02	-3.325257e+02
1.830000e-06	7.450197e-11	-1.218298e-09	3.920058e-01	-3.142956e+02
1.840000e-06	1.674408e-10	-1.144241e-09	8.811139e-01	-2.954608e+02
1.850000e-06	2.603713e-10	-1.068358e-09	1.370178e+00	-2.760385e+02
1.860000e-06	3.532914e-10	-9.898151e-10	1.859188e+00	-2.560508e+02
1.870000e-06	4.462047e-10	-9.084995e-10	2.348161e+00	-2.355240e+02
1.880000e-06	5.391106e-10	-8.247944e-10	2.837096e+00	-2.144873e+02
1.890000e-06	6.320003e-10	-7.394384e-10	3.325946e+00	-1.929720e+02
1.900000e-06	7.248573e-10	-6.532099e-10	3.814623e+00	-1.710111e+02
1.910000e-06	8.176742e-10	-5.654951e-10	4.303090e+00	-1.486381e+02
1.920000e-06	9.104451e-10	-4.755174e-10	4.791315e+00	-1.258874e+02
1.930000e-06	1.003143e-09	-3.839455e-10	5.279155e+00	-1.027937e+02
1.940000e-06	1.095745e-09	-2.913364e-10	5.766493e+00	-7.939270e+01
1.950000e-06	1.188243e-09	-1.979169e-10	6.253277e+00	-5.572090e+01
1.960000e-06	1.280628e-09	-1.040788e-10	6.739474e+00	-3.181632e+01
1.970000e-06	1.372897e-09	-9.759779e-12	7.225058e+00	-7.718765e+00
1.980000e-06	1.465054e-09	8.532649e-11	7.710051e+00	1.652989e+01
1.990000e-06	1.557106e-09	1.808509e-10	8.194493e+00	4.088549e+01
2.000000e-06	1.649058e-09	2.764964e-10	8.678408e+00	6.530171e+01
2.010000e-06	1.740905e-09	3.724606e-10	9.161770e+00	8.973026e+01
2.020000e-06	1.832629e-09	4.688153e-10	9.644481e+00	1.141214e+02
2.030000e-06	1.924211e-09	5.651980e-10	1.012645e+01	1.384244e+02
2.040000e-06	2.015635e-09	6.608724e-10	1.060759e+01	1.625889e+02
2.050000e-06	2.106880e-09	7.550544e-10	1.108778e+01	1.865650e+02
2.060000e-06	2.197929e-09	8.476238e-10	1.156694e+01	2.103046e+02
2.070000e-06	2.288766e-09	9.393368e-10	1.204499e+01	2.337622e+02
2.080000e-06	2.379383e-09	1.030296e-09	1.252187e+01	2.568953e+02
2.090000e-06	2.469772e-09	1.119520e-09	1.299755e+01	2.796650e+02
2.100000e-06	2.559943e-09	1.207046e-09	1.347209e+01	3.020361e+02
2.110000e-06	2.649917e-09	1.293145e-09	1.394560e+01	3.239774e+02
2.120000e-06	2.739704e-09	1.377205e-09	1.441812e+01	3.454608e+02
2.130000e-06	2.829316e-09	1.458853e-09	1.488971e+01	3.664618e+02
2.140000e-06	2.918757e-09	1.538193e-09	1.536041e+01	3.869582e+02
2.150000e-06	3.008015e-09	1.615388e-09	1.583014e+01	4.069302e+02
2.160000e-06	3.097068e-09	1.690643e-09	1.629880e+01	4.263594e+02
2.170000e-06	3.185892e-09	1.764504e-09	1.676625e+01	4.452290e+02
2.180000e-06	3.274453e-09	1.836968e-09	1.723232e+01	4.635232e+02
2.190000e-06	3.362730e-09	1.907023e-09	1.769689e+01	4.812273e+02
2.200000e-06	3.450716e-09	1.973956e-09	1.815993e+01	4.983278e+02
2.210000e-06	3.538403e-09	2.038116e-09	1.862140e+01	5.148132e+02
2.220000e-06	3.625802e-09	2.099850e-09	1.908136e+01	5.306741e+02
2.230000e-06	3.712940e-09	2.159061e-09	1.953994e+01	5.459042e+02
2.240000e-06	3.799825e-09	2.215651e-09	1.999719e+01	5.605005e+02
2.250000e-06	3.886463e-09	2.269490e-09	2.045314e+01	5.744645e+02
2.260000e-06	3.972861e-09	2.320877e-09	2.090782e+01	5.878022e+02
2.270000e-06	4.059016e-09	2.370335e-09	2.136123e+01	6.005245e+02
2.280000e-06	4.144923e-09	2.417529e-09	2.181333e+01	6.126474e+02
2.290000e-06	4.230573e-09	2.461827e-09	2.226408e+01	6.241913e+02
2.300000e-06	4.315956e-09	2.503896e-09	2.271342e+01	6.351811e+02
2.310000e-06	4.401073e-09	2.544542e-09	2.316137e+01	6.456449e+02
2.320000e-06	4.485924e-09	2.583740e-09	2.360791e+01	6.556133e+02
2.330000e-06	4.570497e-09	2.621365e-09	2.405299e+01	6.651184e+02
2.340000e-06	4.654763e-09	2.657012e-09	2.449646e+01	6.741926e+02
2.350000e-06	4.738692e-09	2.690723e-09	2.493816e+01	6.828676e+02
2.360000e-06	4.822261e-09	2.723265e-09	2.537795e+01	6.911734e+02
2.370000e-06	4.905462e-09	2.754552e-09	2.581581e+01	6.991377e+02
2.380000e-06	4.988320e-09	2.783976e-09	2.625187e+01	7.067855e+02
2.390000e-06	5.070867e-09	2.812248e-09	2.668629e+01	7.141386e+02
2.400000e-06	5.153106e-09	2.840131e-09	2.711909e+01	7.212157e+02
2.410000e-06	5.235016e-09	2.866909e-09	2.755015e+01	7.280327e+02
2.420000e-06	5.316576e-09	2.892201e-09	2.797938e+01	7.346031e+02
2.430000e-06	5.397757e-09	2.916597e-09	2.840661e+01	7.409385e+02
2.440000e-06	5.478520e-09	2.940075e-09	2.883163e+01	7.470493e+02
2.450000e-06	5.558846e-09	2.962928e-09	2.925437e+01	7.529450e+02
2.460000e-06	5.638728e-09	2.985741e-09	2.967476e+01	7.586347e+02
2.470000e-06	5.718175e-09	3.007891e-09	3.009286e+01	7.641278e+02
2.480000e-06	5.797179e-09	3.028713e-09	3.050863e+01	7.694338e+02
2.490000e-06	5.875712e-09	3.048745e-09	3.092193e+01	7.745625e+02
2.500000e-06	5.953766e-09	3.068431e-09	3.133270e+01	7.795239e+02
2.510000e-06	6.031346e-09	3.087475e-09	3.174098e+01	7.843280e+02
2.520000e-06	6.108491e-09	3.105666e-09	3.214697e+01	7.889843e+02
2.530000e-06	6.185221e-09	3.123057e-09	3.255078e+01	7.935015e+02
2.540000e-06	6.261511e-09	3.139818e-09	3.295227e+01	7.978877e+02
2.550000e-06	6.337315e-09	3.156075e-09	3.335120e+01	8.021494e+02
2.560000e-06	6.412577e-09	3.172004e-09	3.374728e+01	8.062919e+02
2.570000e-06	6.487270e-09	3.187465e-09	3.414036e+01	8.103191e+02
2.580000e-06	6.561394e-09	3.202171e-09	3.453045e+01	8.142339e+02
2.590000e-06	6.634960e-09	3.216320e-09	3.491760e+01	8.180381e+02
2.600000e-06	6.707969e-09	3.230453e-09	3.530182e+01	8.217331e+02
2.610000e-06	6.780408e-09	3.244405e-09	3.568305e+01	8.253202e+02
2.620000e-06	6.852281e-09	3.257475e-09	3.606129e+01	8.288010e+02
2.630000e-06	6.923631e-09	3.269744e-09	3.643679e+01	8.321777e+02
2.640000e-06	6.994507e-09	3.282038e-09	3.680978e+01	8.354536e+02
2.650000e-06	7.064917e-09	3.294822e-09	3.718033e+01	8.386329e+02
2.660000e-06	7.134833e-09	3.307388e-09	3.754827e+01	8.417211e+02
2.670000e-06	7.204250e-09	3.319003e-09	3.791359e+01	8.447246e+02
2.680000e-06	7.273211e-09	3.330157e-09	3.827651e+01	8.476505e+02
2.690000e-06	7.341745e-09	3.341505e-09	3.863719e+01	8.505062e+02
2.700000e-06	7.409821e-09	3.352702e-09	3.899545e+01	8.532990e+02
2.710000e-06	7.477375e-09	3.363421e-09	3.935097e+01	8.560358e+02
2.720000e-06	7.544345e-09	3.373798e-09	3.970341e+01	8.587224e+02
2.730000e-06	7.610680e-09	3.384655e-09	4.005251e+01	8.613635e+02
2.740000e-06	7.676352e-09	3.395997e-09	4.039812e+01	8.639623e+02
2.750000e-06	7.741373e-09	3.406655e-09	4.074030e+01	8.665207e+02
2.760000e-06	7.805773e-09	3.416235e-09	4.107921e+01	8.690391e+02
2.770000e-06	7.869591e-09	3.424874e-09	4.141507e+01	8.715171e+02
2.780000e-06	7.932880e-09	3.433160e-09	4.174814e+01	8.739532e+02
2.790000e-06	7.995685e-09	3.441794e-09	4.207867e+01	8.763459e+02
2.800000e-06	8.058002e-09	3.451266e-09	4.240662e+01	8.786937e+02
2.810000e-06	8.119797e-09	3.461402e-09	4.273183e+01	8.809954e+02
2.820000e-06	8.181072e-09	3.471662e-09	4.305430e+01	8.832508e+02
2.830000e-06	8.241867e-09	3.481392e-09	4.337424e+01	8.854607e+02
2.840000e-06	8.302183e-09	3.489956e-09	4.369167e+01	8.876268e+02
2.850000e-06	8.361959e-09	3.497704e-09	4.400625e+01	8.897518e+02
2.860000e-06	8.421096e-09	3.504938e-09	4.431747e+01	8.918390e+02
2.870000e-06	8.479495e-09	3.511593e-09	4.462480e+01	8.938924e+02
2.880000e-06	8.537101e-09	3.518806e-09	4.492797e+01	8.959154e+02
2.890000e-06	8.593948e-09	3.527793e-09	4.522714e+01	8.979115e+02
2.900000e-06	8.650111e-09	3.537514e-09	4.552270e+01	8.998831e+02
2.910000e-06	8.705665e-09	3.546265e-09	4.581507e+01	9.018315e+02
2.920000e-06	8.760665e-09	3.554010e-09	4.610451e+01	9.037570e+02
2.930000e-06	8.815107e-09	3.561156e-09	4.639102e+01	9.056583e+02
2.940000e-06	8.868957e-09	3.567953e-09	4.667442e+01	9.075332e+02
2.950000e-06	8.922194e-09	3.574804e-09	4.695459e+01	9.093785e+02
2.960000e-06	8.974797e-09	3.581473e-09	4.723143e+01	9.111908e+02
2.970000e-06	9.026696e-09	3.588094e-09	4.750455e+01	9.129663e+02
2.980000e-06	9.077768e-09	3.595440e-09	4.777333e+01	9.147021e+02
2.990000e-06	9.127936e-09	3.603435e-09	4.803734e+01	9.163959e+02
3.000000e-06	9.177211e-09	3.611133e-09	4.829666e+01	9.180467e+02
3.010000e-06	9.225679e-09	3.617584e-09	4.855173e+01	9.196550e+02
3.020000e-06	9.273454e-09	3.622906e-09	4.880316e+01	9.212226e+02
3.030000e-06	9.320604e-09	3.628151e-09	4.905129e+01	9.227530e+02
3.040000e-06	9.367120e-09	3.634081e-09	4.929609e+01	9.242504e+02
3.050000e-06	9.412966e-09	3.640470e-09	4.953737e+01	9.257198e+02
3.060000e-06	9.458154e-09	3.646829e-09	4.977518e+01	9.271663e+02
3.070000e-06	9.502753e-09	3.653398e-09	5.000989e+01	9.285945e+02
3.080000e-06	9.546843e-09	3.659599e-09	5.024192e+01	9.300083e+02
3.090000e-06	9.590400e-09	3.664570e-09	5.047115e+01	9.314100e+02
3.100000e-06	9.633253e-09	3.669229e-09	5.069667e+01	9.328006e+02
3.110000e-06	9.675213e-09	3.674661e-09	5.091749e+01	9.341791e+02
3.120000e-06	9.716252e-09	3.680252e-09	5.113347e+01	9.355431e+02
3.130000e-06	9.756514e-09	3.685455e-09	5.134535e+01	9.368887e+02
3.140000e-06	9.796135e-09	3.690851e-09	5.155386e+01	9.382112e+02
3.150000e-06	9.835129e-09	3.696096e-09	5.175908e+01	9.395054e+02
3.160000e-06	9.873440e-09	3.700337e-09	5.196070e+01	9.407664e+02
3.170000e-06	9.911034e-09	3.704286e-09	5.215855e+01	9.419900e+02
3.180000e-06	9.947935e-09	3.708726e-09	5.235274e+01	9.431733e+02
3.190000e-06	9.984228e-09	3.713390e-09	5.254374e+01	9.443150e+02
3.200000e-06	1.001997e-08	3.718155e-09	5.273186e+01	9.454155e+02
3.210000e-06	1.005505e-08	3.723056e-09	5.291648e+01	9.464773e+02
3.220000e-06	1.008925e-08	3.727881e-09	5.309643e+01	9.475042e+02
3.230000e-06	1.012247e-08	3.731873e-09	5.327128e+01	9.485013e+02
3.240000e-06	1.015487e-08	3.734868e-09	5.344180e+01	9.494744e+02
3.250000e-06	1.018662e-08	3.738024e-09	5.360889e+01	9.504292e+02
3.260000e-06	1.021774e-08	3.742064e-09	5.377265e+01	9.513708e+02
3.270000e-06	1.024816e-08	3.746422e-09	5.393275e+01	9.523035e+02
3.280000e-06	1.027786e-08	3.750585e-09	5.408901e+01	9.532295e+02
3.290000e-06	1.030682e-08	3.754432e-09	5.424147e+01	9.541495e+02
3.300000e-06	1.033515e-08	3.757907e-09	5.439056e+01	9.550622e+02
3.310000e-06	1.036292e-08	3.761279e-09	5.453668e+01	9.559645e+02
3.320000e-06	1.038998e-08	3.764479e-09	5.467908e+01	9.568519e+02
3.330000e-06	1.041606e-08	3.766995e-09	5.481633e+01	9.577191e+02
3.340000e-06	1.044110e-08	3.769149e-09	5.494810e+01	9.585604e+02
3.350000e-06	1.046531e-08	3.771758e-09	5.507552e+01	9.593707e+02
3.360000e-06	1.048885e-08	3.774952e-09	5.519942e+01	9.601457e+02
3.370000e-06	1.051170e-08	3.778246e-09	5.531967e+01	9.608827e+02
3.380000e-06	1.053383e-08	3.781116e-09	5.543616e+01	9.615807e+02
3.390000e-06	1.055525e-08	3.783379e-09	5.554886e+01	9.622411e+02
3.400000e-06	1.057596e-08	3.785342e-09	5.565787e+01	9.628666e+02
3.410000e-06	1.059607e-08	3.787561e-09	5.576369e+01	9.634617e+02
3.420000e-06	1.061559e-08	3.789971e-09	5.586644e+01	9.640320e+02
3.430000e-06	1.063436e-08	3.792243e-09	5.596520e+01	9.645834e+02
3.440000e-06	1.065225e-08	3.794356e-09	5.605933e+01	9.651212e+02
3.450000e-06	1.066934e-08	3.796218e-09	5.614927e+01	9.656501e+02
3.460000e-06	1.068569e-08	3.798109e-09	5.623532e+01	9.661730e+02
3.470000e-06	1.070119e-08	3.800054e-09	5.631688e+01	9.666909e+02
3.480000e-06	1.071579e-08	3.801578e-09	5.639375e+01	9.672026e+02
3.490000e-06	1.072960e-08	3.802617e-09	5.646643e+01	9.677050e+02
3.500000e-06	1.074265e-08	3.803585e-09	5.653509e+01	9.681931e+02
3.510000e-06	1.075494e-08	3.804767e-09	5.659975e+01	9.686607e+02
3.520000e-06	1.076643e-08	3.806073e-09	5.666024e+01	9.691013e+02
3.530000e-06	1.077692e-08	3.807339e-09	5.671542e+01	9.695085e+02
3.540000e-06	1.078625e-08	3.808470e-09	5.676457e+01	9.698772e+02
3.550000e-06	1.079466e-08	3.809582e-09	5.680880e+01	9.702039e+02
3.560000e-06	1.080239e-08	3.810747e-09	5.684949e+01	9.704873e+02
3.570000e-06	1.080943e-08	3.811560e-09	5.688655e+01	9.707289e+02
3.580000e-06	1.081571e-08	3.811772e-09	5.691961e+01	9.709326e+02
3.590000e-06	1.082122e-08	3.812071e-09	5.694860e+01	9.711045e+02
3.600000e-06	1.082598e-08	3.812720e-09	5.697365e+01	9.712524e+02
3.610000e-06	1.083013e-08	3.813369e-09	5.699549e+01	9.713846e+02
3.620000e-06	1.083371e-08	3.813838e-09	5.701433e+01	9.715098e+02
3.630000e-06	1.083647e-08	3.813981e-09	5.702883e+01	9.716352e+02
3.640000e-06	1.083814e-08	3.813758e-09	5.703762e+01	9.717663e+02
3.650000e-06	1.083882e-08	3.813181e-09	5.704121e+01	9.719055e+02
3.660000e-06	1.083879e-08	3.812438e-09	5.704108e+01	9.720524e+02
3.670000e-06	1.083813e-08	3.812204e-09	5.703757e+01	9.722032e+02
3.680000e-06	1.083674e-08	3.812635e-09	5.703027e+01	9.723509e+02
3.690000e-06	1.083464e-08	3.813386e-09	5.701924e+01	9.724861e+02
3.700000e-06	1.083185e-08	3.813669e-09	5.700451e+01	9.725976e+02
3.710000e-06	1.082839e-08	3.813108e-09	5.698631e+01	9.726739e+02
3.720000e-06	1.082441e-08	3.812505e-09	5.696537e+01	9.727041e+02
3.730000e-06	1.081987e-08	3.809877e-09	5.694151e+01	9.726791e+02
3.740000e-06	1.081450e-08	3.804229e-09	5.691323e+01	9.725932e+02
3.750000e-06	1.080802e-08	3.810422e-09	5.687915e+01	9.724444e+02
3.760000e-06	1.080031e-08	3.831119e-09	5.683853e+01	9.722352e+02
3.770000e-06	1.079120e-08	3.831902e-09	5.679063e+01	9.719728e+02
3.780000e-06	1.078084e-08	3.798681e-09	5.673609e+01	9.716688e+02
3.790000e-06	1.077000e-08	3.777211e-09	5.667902e+01	9.713382e+02
3.800000e-06	1.075929e-08	3.802417e-09	5.662265e+01	9.709989e+02
3.810000e-06	1.074811e-08	3.823224e-09	5.656386e+01	9.706696e+02
3.820000e-06	1.073556e-08	3.792830e-09	5.649780e+01	9.703692e+02
3.830000e-06	1.072191e-08	3.779185e-09	5.642599e+01	9.701147e+02
3.840000e-06	1.070783e-08	3.815550e-09	5.635186e+01	9.699198e+02
3.850000e-06	1.069293e-08	3.817985e-09	5.627345e+01	9.697945e+02
3.860000e-06	1.067686e-08	3.782142e-09	5.618889e+01	9.697435e+02
3.870000e-06	1.066013e-08	3.795906e-09	5.610083e+01	9.697664e+02
3.880000e-06	1.064292e-08	3.833271e-09	5.601025e+01	9.698578e+02
3.890000e-06	1.062483e-08	3.802892e-09	5.591505e+01	9.700079e+02
3.900000e-06	1.060589e-08	3.769507e-09	5.581541e+01	9.702033e+02
3.910000e-06	1.058641e-08	3.799099e-09	5.571288e+01	9.704284e+02
3.920000e-06	1.056617e-08	3.802259e-09	5.560634e+01	9.706668e+02
3.930000e-06	1.054485e-08	3.772776e-09	5.549416e+01	9.709028e+02
3.940000e-06	1.052256e-08	3.805109e-09	5.537687e+01	9.711226e+02
3.950000e-06	1.049944e-08	3.847153e-09	5.525516e+01	9.713153e+02
3.960000e-06	1.047557e-08	3.828073e-09	5.512956e+01	9.714737e+02
3.970000e-06	1.045111e-08	3.835814e-09	5.500087e+01	9.715947e+02
3.980000e-06	1.042600e-08	3.873017e-09	5.486872e+01	9.716790e+02
3.990000e-06	1.040011e-08	3.839635e-09	5.473244e+01	9.717306e+02
4.000000e-06	1.037352e-08	3.801454e-09	5.459253e+01	9.717559e+02
4.010000e-06	1.034629e-08	3.823367e-09	5.444920e+01	9.717625e+02
4.020000e-06	1.031839e-08	3.805002e-09	5.430236e+01	9.717580e+02
4.030000e-06	1.028987e-08	3.767732e-09	5.415232e+01	9.717487e+02
4.040000e-06	1.026057e-08	3.800114e-09	5.399808e+01	9.717386e+02
4.050000e-06	1.023017e-08	3.808289e-09	5.383809e+01	9.717281e+02
4.060000e-06	1.019877e-08	3.782377e-09	5.367289e+01	9.717144e+02
4.070000e-06	1.016660e-08	3.821161e-09	5.350356e+01	9.716903e+02
4.080000e-06	1.013365e-08	3.838952e-09	5.333017e+01	9.716454e+02
4.090000e-06	1.010001e-08	3.810680e-09	5.315311e+01	9.715664e+02
4.100000e-06	1.006575e-08	3.839382e-09	5.297282e+01	9.714384e+02
4.110000e-06	1.003087e-08	3.850892e-09	5.278926e+01	9.712458e+02
4.120000e-06	9.995395e-09	3.815325e-09	5.260257e+01	9.709739e+02
4.130000e-06	9.959359e-09	3.831722e-09	5.241292e+01	9.706102e+02
4.140000e-06	9.922642e-09	3.842454e-09	5.221970e+01	9.701452e+02
4.150000e-06	9.885050e-09	3.815039e-09	5.202186e+01	9.695738e+02
4.160000e-06	9.846481e-09	3.822444e-09	5.181889e+01	9.688952e+02
4.170000e-06	9.807035e-09	3.828685e-09	5.161130e+01	9.681132e+02
4.180000e-06	9.766903e-09	3.809336e-09	5.140010e+01	9.672361e+02
4.190000e-06	9.726149e-09	3.809792e-09	5.118562e+01	9.662756e+02
4.200000e-06	9.684712e-09	3.811494e-09	5.096755e+01	9.652459e+02
4.210000e-06	9.642552e-09	3.800309e-09	5.074568e+01	9.641625e+02
4.220000e-06	9.599694e-09	3.799021e-09	5.052013e+01	9.630411e+02
4.230000e-06	9.556214e-09	3.797667e-09	5.029131e+01	9.618961e+02
4.240000e-06	9.512199e-09	3.790442e-09	5.005967e+01	9.607395e+02
4.250000e-06	9.467639e-09	3.786168e-09	4.982517e+01	9.595804e+02
4.260000e-06	9.422444e-09	3.780902e-09	4.958732e+01	9.584241e+02
4.270000e-06	9.376546e-09	3.774798e-09	4.934578e+01	9.572721e+02
4.280000e-06	9.329946e-09	3.771275e-09	4.910054e+01	9.561224e+02
4.290000e-06	9.282681e-09	3.765895e-09	4.885180e+01	9.549701e+02
4.300000e-06	9.234737e-09	3.760256e-09	4.859948e+01	9.538078e+02
4.310000e-06	9.186038e-09	3.757389e-09	4.834320e+01	9.526271e+02
4.320000e-06	9.136537e-09	3.751556e-09	4.808269e+01	9.514192e+02
4.330000e-06	9.086304e-09	3.743244e-09	4.781833e+01	9.501761e+02
4.340000e-06	9.035397e-09	3.739556e-09	4.755042e+01	9.488912e+02
4.350000e-06	8.983753e-09	3.734577e-09	4.727864e+01	9.475600e+02
4.360000e-06	8.931286e-09	3.725616e-09	4.700253e+01	9.461805e+02
4.370000e-06	8.877971e-09	3.721642e-09	4.672195e+01	9.447533e+02
4.380000e-06	8.823830e-09	3.718043e-09	4.643702e+01	9.432810e+02
4.390000e-06	8.768947e-09	3.709439e-09	4.614819e+01	9.417680e+02
4.400000e-06	8.713414e-09	3.703688e-09	4.585594e+01	9.402200e+02
4.410000e-06	8.657289e-09	3.699588e-09	4.556057e+01	9.386429e+02
4.420000e-06	8.600604e-09	3.691342e-09	4.526226e+01	9.370421e+02
4.430000e-06	8.543347e-09	3.683534e-09	4.496093e+01	9.354221e+02
4.440000e-06	8.485484e-09	3.678897e-09	4.465642e+01	9.337858e+02
4.450000e-06	8.427014e-09	3.673468e-09	4.434871e+01	9.321341e+02
4.460000e-06	8.367959e-09	3.665702e-09	4.403792e+01	9.304660e+02
4.470000e-06	8.308317e-09	3.658576e-09	4.372405e+01	9.287787e+02
4.480000e-06	8.248072e-09	3.652010e-09	4.340699e+01	9.270676e+02
4.490000e-06	8.187183e-09	3.644142e-09	4.308655e+01	9.253275e+02
4.500000e-06	8.125602e-09	3.635940e-09	4.276248e+01	9.235524e+02
4.510000e-06	8.063309e-09	3.628935e-09	4.243465e+01	9.217368e+02
4.520000e-06	8.000329e-09	3.621576e-09	4.210321e+01	9.198759e+02
4.530000e-06	7.936743e-09	3.612542e-09	4.176858e+01	9.179659e+02
4.540000e-06	7.872648e-09	3.603750e-09	4.143126e+01	9.160050e+02
4.550000e-06	7.808085e-09	3.596558e-09	4.109149e+01	9.139926e+02
4.560000e-06	7.743031e-09	3.588708e-09	4.074913e+01	9.119298e+02
4.570000e-06	7.677434e-09	3.579824e-09	4.040392e+01	9.098192e+02
4.580000e-06	7.611269e-09	3.571211e-09	4.005571e+01	9.076639e+02
4.590000e-06	7.544569e-09	3.562022e-09	3.970469e+01	9.054678e+02
4.600000e-06	7.477377e-09	3.552716e-09	3.935108e+01	9.032345e+02
4.610000e-06	7.409666e-09	3.544430e-09	3.899474e+01	9.009669e+02
4.620000e-06	7.341393e-09	3.535795e-09	3.863544e+01	8.986671e+02
4.630000e-06	7.272560e-09	3.525807e-09	3.827320e+01	8.963359e+02
4.640000e-06	7.203164e-09	3.515714e-09	3.790799e+01	8.939725e+02
4.650000e-06	7.133180e-09	3.506182e-09	3.753969e+01	8.915753e+02
4.660000e-06	7.062631e-09	3.496502e-09	3.716841e+01	8.891411e+02
4.670000e-06	6.991557e-09	3.486285e-09	3.679437e+01	8.866662e+02
4.680000e-06	6.919967e-09	3.475505e-09	3.641762e+01	8.841467e+02
4.690000e-06	6.847888e-09	3.464769e-09	3.603829e+01	8.815785e+02
4.700000e-06	6.775368e-09	3.454941e-09	3.565664e+01	8.789585e+02
4.710000e-06	6.702419e-09	3.445040e-09	3.527273e+01	8.762840e+02
4.720000e-06	6.629005e-09	3.434013e-09	3.488638e+01	8.735537e+02
4.730000e-06	6.555100e-09	3.422288e-09	3.449744e+01	8.707674e+02
4.740000e-06	6.480709e-09	3.410337e-09	3.410595e+01	8.679261e+02
4.750000e-06	6.405847e-09	3.398738e-09	3.371197e+01	8.650315e+02
4.760000e-06	6.330500e-09	3.387801e-09	3.331544e+01	8.620859e+02
4.770000e-06	6.254634e-09	3.376612e-09	3.291619e+01	8.590920e+02
4.780000e-06	6.178223e-09	3.364500e-09	3.251406e+01	8.560521e+02
4.790000e-06	6.101272e-09	3.351840e-09	3.210910e+01	8.529677e+02
4.800000e-06	6.023821e-09	3.339469e-09	3.170150e+01	8.498397e+02
4.810000e-06	5.945896e-09	3.326759e-09	3.129141e+01	8.466676e+02
4.820000e-06	5.867503e-09	3.313289e-09	3.087885e+01	8.434498e+02
4.830000e-06	5.788641e-09	3.299797e-09	3.046383e+01	8.401837e+02
4.840000e-06	5.709297e-09	3.286667e-09	3.004627e+01	8.368656e+02
4.850000e-06	5.629462e-09	3.273838e-09	2.962612e+01	8.334912e+02
4.860000e-06	5.549168e-09	3.260807e-09	2.920356e+01	8.300559e+02
4.870000e-06	5.468473e-09	3.247107e-09	2.877889e+01	8.265553e+02
4.880000e-06	5.387412e-09	3.232502e-09	2.835229e+01	8.229853e+02
4.890000e-06	5.306003e-09	3.217071e-09	2.792386e+01	8.193426e+02
4.900000e-06	5.224257e-09	3.201883e-09	2.749366e+01	8.156246e+02
4.910000e-06	5.142174e-09	3.187040e-09	2.706168e+01	8.118295e+02
4.920000e-06	5.059764e-09	3.171411e-09	2.662798e+01	8.079564e+02
4.930000e-06	4.977053e-09	3.155330e-09	2.619270e+01	8.040046e+02
4.940000e-06	4.894067e-09	3.139771e-09	2.575597e+01	7.999739e+02
4.950000e-06	4.810806e-09	3.124241e-09	2.531780e+01	7.958636e+02
4.960000e-06	4.727252e-09	3.107701e-09	2.487807e+01	7.916726e+02
4.970000e-06	4.643371e-09	3.089890e-09	2.443664e+01	7.873991e+02
4.980000e-06	4.559122e-09	3.071766e-09	2.399326e+01	7.830400e+02
4.990000e-06	4.474481e-09	3.053973e-09	2.354782e+01	7.785914e+02
5.000000e-06	4.389452e-09	3.036198e-09	2.310034e+01	7.740483e+02
5.010000e-06	4.304059e-09	3.018045e-09	2.265095e+01	7.694050e+02
5.020000e-06	4.218336e-09	2.999089e-09	2.219982e+01	7.646552e+02
5.030000e-06	4.132306e-09	2.979311e-09	2.174708e+01	7.597929e+02
5.040000e-06	4.045986e-09	2.959017e-09	2.129280e+01	7.548122e+02
5.050000e-06	3.959375e-09	2.938370e-09	2.083700e+01	7.497086e+02
5.060000e-06	3.872464e-09	2.917273e-09	2.037961e+01	7.444783e+02
5.070000e-06	3.785246e-09	2.896246e-09	1.992062e+01	7.391194e+02
5.080000e-06	3.697723e-09	2.875410e-09	1.946001e+01	7.336310e+02
5.090000e-06	3.609904e-09	2.854296e-09	1.899785e+01	7.280140e+02
5.100000e-06	3.521806e-09	2.832189e-09	1.853421e+01	7.222699e+02
5.110000e-06	3.433457e-09	2.808694e-09	1.806926e+01	7.164007e+02
5.120000e-06	3.344879e-09	2.784280e-09	1.760310e+01	7.104083e+02
5.130000e-06	3.256080e-09	2.759841e-09	1.713578e+01	7.042938e+02
5.140000e-06	3.167062e-09	2.736028e-09	1.666731e+01	6.980565e+02
5.150000e-06	3.077824e-09	2.712377e-09	1.619767e+01	6.916940e+02
5.160000e-06	2.988378e-09	2.687971e-09	1.572695e+01	6.852011e+02
5.170000e-06	2.898742e-09	2.662351e-09	1.525522e+01	6.785699e+02
5.180000e-06	2.808937e-09	2.635594e-09	1.478261e+01	6.717901e+02
5.190000e-06	2.718971e-09	2.608091e-09	1.430915e+01	6.648486e+02
5.200000e-06	2.628849e-09	2.579890e-09	1.383486e+01	6.577310e+02
5.210000e-06	2.538573e-09	2.550811e-09	1.335977e+01	6.504213e+02
5.220000e-06	2.448144e-09	2.520976e-09	1.288387e+01	6.429034e+02
5.230000e-06	2.357563e-09	2.490606e-09	1.240717e+01	6.351616e+02
5.240000e-06	2.266832e-09	2.459895e-09	1.192968e+01	6.271815e+02
5.250000e-06	2.175948e-09	2.428258e-09	1.145139e+01	6.189507e+02
5.260000e-06	2.084909e-09	2.394696e-09	1.097227e+01	6.104590e+02
5.270000e-06	1.993708e-09	2.359322e-09	1.049231e+01	6.016987e+02
5.280000e-06	1.902344e-09	2.323208e-09	1.001149e+01	5.926644e+02
5.290000e-06	1.810826e-09	2.286725e-09	9.529860e+00	5.833522e+02
5.300000e-06	1.719171e-09	2.249437e-09	9.047510e+00	5.737595e+02
5.310000e-06	1.627402e-09	2.210709e-09	8.564559e+00	5.638835e+02
5.320000e-06	1.535539e-09	2.170412e-09	8.081114e+00	5.537204e+02
5.330000e-06	1.443600e-09	2.129444e-09	7.597270e+00	5.432643e+02
5.340000e-06	1.351588e-09	2.088048e-09	7.113037e+00	5.325061e+02
5.350000e-06	1.259485e-09	2.045222e-09	6.628331e+00	5.214328e+02
5.360000e-06	1.167284e-09	2.000182e-09	6.143106e+00	5.100272e+02
5.370000e-06	1.074988e-09	1.953746e-09	5.657382e+00	4.982675e+02
5.380000e-06	9.825926e-10	1.906846e-09	5.171136e+00	4.861275e+02
5.390000e-06	8.900921e-10	1.858266e-09	4.684336e+00	4.735778e+02
5.400000e-06	7.974906e-10	1.807141e-09	4.197004e+00	4.605864e+02
5.410000e-06	7.048056e-10	1.754114e-09	3.709234e+00	4.471199e+02
5.420000e-06	6.120538e-10	1.699456e-09	3.221112e+00	4.331455e+02
5.430000e-06	5.192456e-10	1.643221e-09	2.732693e+00	4.186320e+02
5.440000e-06	4.263924e-10	1.585098e-09	2.244037e+00	4.035519e+02
5.450000e-06	3.335118e-10	1.523957e-09	1.755237e+00	3.878821e+02
5.460000e-06	2.406248e-10	1.459500e-09	1.266404e+00	3.716056e+02
5.470000e-06	1.477481e-10	1.392844e-09	7.776247e-01	3.547119e+02
5.480000e-06	5.489373e-11	1.324673e-09	2.889633e-01	3.371975e+02
5.490000e-06	-3.792811e-11	1.254168e-09	-1.995273e-01	3.190660e+02
5.500000e-06	-1.307221e-10	1.180387e-09	-6.878714e-01	3.003276e+02
5.510000e-06	-2.235028e-10	1.103728e-09	-1.176146e+00	2.809985e+02
5.520000e-06	-3.162822e-10	1.025402e-09	-1.664413e+00	2.611002e+02
5.530000e-06	-4.090591e-10	9.460806e-10	-2.152667e+00	2.406583e+02
5.540000e-06	-5.018222e-10	8.647247e-10	-2.640848e+00	2.197017e+02
5.550000e-06	-5.945627e-10	7.803685e-10	-3.128911e+00	1.982613e+02
5.560000e-06	-6.872657e-10	6.942077e-10	-3.616777e+00	1.763700e+02
5.570000e-06	-7.799117e-10	6.075397e-10	-4.104342e+00	1.540611e+02
5.580000e-06	-8.724813e-10	5.194906e-10	-4.591505e+00	1.313690e+02
5.590000e-06	-9.649549e-10	4.290689e-10	-5.078164e+00	1.083283e+02
5.600000e-06	-1.057316e-09	3.367622e-10	-5.564231e+00	8.497446e+01
5.610000e-06	-1.149557e-09	2.433427e-10	-6.049665e+00	6.134394e+01
5.620000e-06	-1.241667e-09	1.497341e-10	-6.534412e+00	3.747445e+01
5.630000e-06	-1.333643e-09	5.633773e-11	-7.018451e+00	1.340549e+01
5.640000e-06	-1.425502e-09	-3.791110e-11	-7.501875e+00	-1.082142e+01
5.650000e-06	-1.517262e-09	-1.338798e-10	-7.984782e+00	-3.516250e+01
5.660000e-06	-1.608932e-09	-2.306039e-10	-8.467208e+00	-5.957176e+01
5.670000e-06	-1.700500e-09	-3.265987e-10	-8.949106e+00	-8.400121e+01
5.680000e-06	-1.791955e-09	-4.218203e-10	-9.430401e+00	-1.084013e+02
5.690000e-06	-1.883280e-09	-5.173858e-10	-9.911017e+00	-1.327215e+02
5.700000e-06	-1.974474e-09	-6.135085e-10	-1.039095e+01	-1.569111e+02
5.710000e-06	-2.065529e-09	-7.085455e-10	-1.087014e+01	-1.809203e+02
5.720000e-06	-2.156428e-09	-8.017481e-10	-1.134851e+01	-2.047007e+02
5.730000e-06	-2.247169e-09	-8.939840e-10	-1.182605e+01	-2.282062e+02
5.740000e-06	-2.337738e-09	-9.856000e-10	-1.230269e+01	-2.513938e+02
5.750000e-06	-2.428128e-09	-1.076131e-09	-1.277838e+01	-2.742241e+02
5.760000e-06	-2.518338e-09	-1.164973e-09	-1.325313e+01	-2.966612e+02
5.770000e-06	-2.608369e-09	-1.251778e-09	-1.372693e+01	-3.186732e+02
5.780000e-06	-2.698225e-09	-1.336501e-09	-1.419982e+01	-3.402317e+02
5.790000e-06	-2.787919e-09	-1.419679e-09	-1.467185e+01	-3.613116e+02
5.800000e-06	-2.877459e-09	-1.501329e-09	-1.514307e+01	-3.818902e+02
5.810000e-06	-2.966842e-09	-1.580570e-09	-1.561346e+01	-4.019475e+02
5.820000e-06	-3.056054e-09	-1.657064e-09	-1.608296e+01	-4.214648e+02
5.830000e-06	-3.145075e-09	-1.731528e-09	-1.655145e+01	-4.404252e+02
5.840000e-06	-3.233893e-09	-1.804765e-09	-1.701887e+01	-4.588126e+02
5.850000e-06	-3.322497e-09	-1.876340e-09	-1.748517e+01	-4.766121e+02
5.860000e-06	-3.410864e-09	-1.945231e-09	-1.795022e+01	-4.938101e+02
5.870000e-06	-3.498970e-09	-2.011219e-09	-1.841389e+01	-5.103947e+02
5.880000e-06	-3.586793e-09	-2.074989e-09	-1.887607e+01	-5.263562e+02
5.890000e-06	-3.674317e-09	-2.136537e-09	-1.933669e+01	-5.416875e+02
5.900000e-06	-3.761525e-09	-2.194891e-09	-1.979563e+01	-5.563854e+02
5.910000e-06	-3.848410e-09	-2.250215e-09	-2.025288e+01	-5.704503e+02
5.920000e-06	-3.934993e-09	-2.303055e-09	-2.070854e+01	-5.838877e+02
5.930000e-06	-4.021296e-09	-2.353407e-09	-2.116272e+01	-5.967077e+02
5.940000e-06	-4.107321e-09	-2.401768e-09	-2.161544e+01	-6.089253e+02
5.950000e-06	-4.193065e-09	-2.448050e-09	-2.206668e+01	-6.205605e+02
5.960000e-06	-4.278506e-09	-2.491787e-09	-2.251633e+01	-6.316373e+02
5.970000e-06	-4.363616e-09	-2.533620e-09	-2.296424e+01	-6.421834e+02
5.980000e-06	-4.448373e-09	-2.574094e-09	-2.341029e+01	-6.522291e+02
5.990000e-06	-4.532755e-09	-2.612697e-09	-2.385436e+01	-6.618063e+02
6.000000e-06	-4.616746e-09	-2.649109e-09	-2.429638e+01	-6.709473e+02
6.010000e-06	-4.700362e-09	-2.684115e-09	-2.473642e+01	-6.796842e+02
6.020000e-06	-4.783643e-09	-2.717938e-09	-2.517471e+01	-6.880472e+02
6.030000e-06	-4.866612e-09	-2.750433e-09	-2.561135e+01	-6.960645e+02
6.040000e-06	-4.949275e-09	-2.781544e-09	-2.604637e+01	-7.037614e+02
6.050000e-06	-5.031626e-09	-2.810983e-09	-2.647976e+01	-7.111602e+02
6.060000e-06	-5.113655e-09	-2.838967e-09	-2.691146e+01	-7.182802e+02
6.070000e-06	-5.195365e-09	-2.865793e-09	-2.734147e+01	-7.251378e+02
6.080000e-06	-5.276755e-09	-2.891598e-09	-2.776980e+01	-7.317468e+02
6.090000e-06	-5.357824e-09	-2.916441e-09	-2.819644e+01	-7.381190e+02
6.100000e-06	-5.438570e-09	-2.940317e-09	-2.862139e+01	-7.442650e+02
6.110000e-06	-5.518959e-09	-2.963137e-09	-2.904445e+01	-7.501943e+02
6.120000e-06	-5.598917e-09	-2.985270e-09	-2.946524e+01	-7.559163e+02
6.130000e-06	-5.678387e-09	-3.006962e-09	-2.988347e+01	-7.614401e+02
6.140000e-06	-5.757342e-09	-3.028182e-09	-3.029898e+01	-7.667753e+02
6.150000e-06	-5.835788e-09	-3.048993e-09	-3.071181e+01	-7.719316e+02
6.160000e-06	-5.913730e-09	-3.069551e-09	-3.112200e+01	-7.769190e+02
6.170000e-06	-5.991155e-09	-3.089467e-09	-3.152946e+01	-7.817475e+02
6.180000e-06	-6.068050e-09	-3.108258e-09	-3.193413e+01	-7.864266e+02
6.190000e-06	-6.144405e-09	-3.126274e-09	-3.233596e+01	-7.909655e+02
6.200000e-06	-6.220245e-09	-3.143881e-09	-3.273509e+01	-7.953720e+02
6.210000e-06	-6.295620e-09	-3.160952e-09	-3.313176e+01	-7.996531e+02
6.220000e-06	-6.370553e-09	-3.177557e-09	-3.352611e+01	-8.038143e+02
6.230000e-06	-6.445049e-09	-3.193813e-09	-3.391815e+01	-8.078596e+02
6.240000e-06	-6.519096e-09	-3.209850e-09	-3.430784e+01	-8.117920e+02
6.250000e-06	-6.592673e-09	-3.225575e-09	-3.469506e+01	-8.156137e+02
6.260000e-06	-6.665799e-09	-3.240458e-09	-3.507989e+01	-8.193259e+02
6.270000e-06	-6.738500e-09	-3.254685e-09	-3.546250e+01	-8.229301e+02
6.280000e-06	-6.810774e-09	-3.268298e-09	-3.584285e+01	-8.264276e+02
6.290000e-06	-6.882582e-09	-3.281411e-09	-3.622076e+01	-8.298207e+02
6.300000e-06	-6.953874e-09	-3.294400e-09	-3.659594e+01	-8.331123e+02
6.310000e-06	-7.024612e-09	-3.307090e-09	-3.696822e+01	-8.363066e+02
6.320000e-06	-7.094780e-09	-3.319381e-09	-3.733749e+01	-8.394088e+02
6.330000e-06	-7.164378e-09	-3.331644e-09	-3.770376e+01	-8.424253e+02
6.340000e-06	-7.233416e-09	-3.343710e-09	-3.806708e+01	-8.453630e+02
6.350000e-06	-7.301909e-09	-3.355276e-09	-3.842754e+01	-8.482293e+02
6.360000e-06	-7.369866e-09	-3.366601e-09	-3.878517e+01	-8.510315e+02
6.370000e-06	-7.437312e-09	-3.377661e-09	-3.914012e+01	-8.537767e+02
6.380000e-06	-7.504285e-09	-3.388156e-09	-3.949258e+01	-8.564708e+02
6.390000e-06	-7.570778e-09	-3.398320e-09	-3.984251e+01	-8.591187e+02
6.400000e-06	-7.636742e-09	-3.408207e-09	-4.018966e+01	-8.617239e+02
6.410000e-06	-7.702154e-09	-3.417870e-09	-4.053390e+01	-8.642885e+02
6.420000e-06	-7.767047e-09	-3.427790e-09	-4.087542e+01	-8.668132e+02
6.430000e-06	-7.831445e-09	-3.437877e-09	-4.121432e+01	-8.692975e+02
6.440000e-06	-7.895314e-09	-3.447778e-09	-4.155045e+01	-8.717402e+02
6.450000e-06	-7.958615e-09	-3.457533e-09	-4.188358e+01	-8.741397e+02
6.460000e-06	-8.021305e-09	-3.466790e-09	-4.221350e+01	-8.764945e+02
6.470000e-06	-8.083330e-09	-3.475248e-09	-4.253991e+01	-8.788034e+02
6.480000e-06	-8.144689e-09	-3.483196e-09	-4.286282e+01	-8.810660e+02
6.490000e-06	-8.205421e-09	-3.491087e-09	-4.318244e+01	-8.832828e+02
6.500000e-06	-8.265558e-09	-3.499411e-09	-4.349892e+01	-8.854556e+02
6.510000e-06	-8.325127e-09	-3.507916e-09	-4.381241e+01	-8.875867e+02
6.520000e-06	-8.384144e-09	-3.516242e-09	-4.412300e+01	-8.896796e+02
6.530000e-06	-8.442584e-09	-3.524726e-09	-4.443055e+01	-8.917378e+02
6.540000e-06	-8.500404e-09	-3.533273e-09	-4.473484e+01	-8.937653e+02
6.550000e-06	-8.557603e-09	-3.541400e-09	-4.503586e+01	-8.957653e+02
6.560000e-06	-8.614217e-09	-3.549222e-09	-4.533381e+01	-8.977405e+02
6.570000e-06	-8.670257e-09	-3.556698e-09	-4.562873e+01	-8.996924e+02
6.580000e-06	-8.725674e-09	-3.564019e-09	-4.592037e+01	-9.016213e+02
6.590000e-06	-8.780379e-09	-3.571529e-09	-4.620826e+01	-9.035264e+02
6.600000e-06	-8.834297e-09	-3.578990e-09	-4.649201e+01	-9.054054e+02
6.610000e-06	-8.887409e-09	-3.586069e-09	-4.677153e+01	-9.072555e+02
6.620000e-06	-8.939745e-09	-3.592896e-09	-4.704695e+01	-9.090730e+02
6.630000e-06	-8.991373e-09	-3.599711e-09	-4.731866e+01	-9.108545e+02
6.640000e-06	-9.042337e-09	-3.605710e-09	-4.758686e+01	-9.125965e+02
6.650000e-06	-9.092606e-09	-3.610898e-09	-4.785141e+01	-9.142969e+02
6.660000e-06	-9.142088e-09	-3.616743e-09	-4.811182e+01	-9.159544e+02
6.670000e-06	-9.190688e-09	-3.623435e-09	-4.836758e+01	-9.175691e+02
6.680000e-06	-9.238403e-09	-3.630439e-09	-4.861869e+01	-9.191429e+02
6.690000e-06	-9.285345e-09	-3.637325e-09	-4.886574e+01	-9.206788e+02
6.700000e-06	-9.331644e-09	-3.643856e-09	-4.910939e+01	-9.221809e+02
6.710000e-06	-9.377352e-09	-3.649687e-09	-4.934994e+01	-9.236542e+02
6.720000e-06	-9.422466e-09	-3.655031e-09	-4.958736e+01	-9.251038e+02
6.730000e-06	-9.467015e-09	-3.660238e-09	-4.982181e+01	-9.265345e+02
6.740000e-06	-9.511034e-09	-3.665335e-09	-5.005347e+01	-9.279501e+02
6.750000e-06	-9.554521e-09	-3.670651e-09	-5.028233e+01	-9.293534e+02
6.760000e-06	-9.597436e-09	-3.676238e-09	-5.050817e+01	-9.307456e+02
6.770000e-06	-9.639723e-09	-3.682385e-09	-5.073072e+01	-9.321259e+02
6.780000e-06	-9.681352e-09	-3.688703e-09	-5.094980e+01	-9.334921e+02
6.790000e-06	-9.722317e-09	-3.693908e-09	-5.116539e+01	-9.348407e+02
6.800000e-06	-9.762654e-09	-3.697800e-09	-5.137767e+01	-9.361670e+02
6.810000e-06	-9.802384e-09	-3.701757e-09	-5.158676e+01	-9.374658e+02
6.820000e-06	-9.841397e-09	-3.706590e-09	-5.179207e+01	-9.387322e+02
6.830000e-06	-9.879518e-09	-3.711894e-09	-5.199269e+01	-9.399618e+02
6.840000e-06	-9.916713e-09	-3.716689e-09	-5.218843e+01	-9.411514e+02
6.850000e-06	-9.953123e-09	-3.720963e-09	-5.238005e+01	-9.422995e+02
6.860000e-06	-9.988893e-09	-3.725733e-09	-5.256830e+01	-9.434063e+02
6.870000e-06	-1.002404e-08	-3.730985e-09	-5.275326e+01	-9.444739e+02
6.880000e-06	-1.005851e-08	-3.735758e-09	-5.293465e+01	-9.455058e+02
6.890000e-06	-1.009226e-08	-3.739347e-09	-5.311230e+01	-9.465071e+02
6.900000e-06	-1.012532e-08	-3.742249e-09	-5.328626e+01	-9.474834e+02
6.910000e-06	-1.015773e-08	-3.745705e-09	-5.345684e+01	-9.484405e+02
6.920000e-06	-1.018952e-08	-3.750009e-09	-5.362416e+01	-9.493837e+02
6.930000e-06	-1.022057e-08	-3.754262e-09	-5.378753e+01	-9.503173e+02
6.940000e-06	-1.025064e-08	-3.757661e-09	-5.394580e+01	-9.512441e+02
6.950000e-06	-1.027970e-08	-3.760693e-09	-5.409875e+01	-9.521648e+02
6.960000e-06	-1.030797e-08	-3.764223e-09	-5.424748e+01	-9.530786e+02
6.970000e-06	-1.033560e-08	-3.768109e-09	-5.439290e+01	-9.539826e+02
6.980000e-06	-1.036256e-08	-3.771761e-09	-5.453482e+01	-9.548725e+02
6.990000e-06	-1.038879e-08	-3.774763e-09	-5.467282e+01	-9.557430e+02
7.000000e-06	-1.041425e-08	-3.777207e-09	-5.480680e+01	-9.565886e+02
7.010000e-06	-1.043898e-08	-3.779881e-09	-5.493697e+01	-9.574039e+02
7.020000e-06	-1.046312e-08	-3.783402e-09	-5.506403e+01	-9.581845e+02
7.030000e-06	-1.048670e-08	-3.787244e-09	-5.518812e+01	-9.589274e+02
7.040000e-06	-1.050949e-08	-3.790336e-09	-5.530802e+01	-9.596315e+02
7.050000e-06	-1.053122e-08	-3.792396e-09	-5.542242e+01	-9.602975e+02
7.060000e-06	-1.055198e-08	-3.794621e-09	-5.553165e+01	-9.609281e+02
7.070000e-06	-1.057202e-08	-3.797867e-09	-5.563709e+01	-9.615275e+02
7.080000e-06	-1.059142e-08	-3.801257e-09	-5.573923e+01	-9.621012e+02
7.090000e-06	-1.061013e-08	-3.803712e-09	-5.583766e+01	-9.626549e+02
7.100000e-06	-1.062809e-08	-3.805310e-09	-5.593222e+01	-9.631943e+02
7.110000e-06	-1.064532e-08	-3.807219e-09	-5.602289e+01	-9.637242e+02
7.120000e-06	-1.066185e-08	-3.810075e-09	-5.610988e+01	-9.642477e+02
7.130000e-06	-1.067779e-08	-3.812986e-09	-5.619375e+01	-9.647661e+02
7.140000e-06	-1.069301e-08	-3.814959e-09	-5.627387e+01	-9.652788e+02
7.150000e-06	-1.070718e-08	-3.816364e-09	-5.634842e+01	-9.657827e+02
7.160000e-06	-1.072020e-08	-3.818331e-09	-5.641693e+01	-9.662732e+02
7.170000e-06	-1.073230e-08	-3.820941e-09	-5.648063e+01	-9.667442e+02
7.180000e-06	-1.074363e-08	-3.823167e-09	-5.654027e+01	-9.671893e+02
7.190000e-06	-1.075419e-08	-3.824396e-09	-5.659585e+01	-9.676021e+02
7.200000e-06	-1.076400e-08	-3.825393e-09	-5.664746e+01	-9.679769e+02
7.210000e-06	-1.077304e-08	-3.827049e-09	-5.669504e+01	-9.683102e+02
7.220000e-06	-1.078139e-08	-3.829143e-09	-5.673900e+01	-9.686003e+02
7.230000e-06	-1.078916e-08	-3.831033e-09	-5.677988e+01	-9.688482e+02
7.240000e-06	-1.079617e-08	-3.832262e-09	-5.681678e+01	-9.690574e+02
7.250000e-06	-1.080214e-08	-3.833021e-09	-5.684817e+01	-9.692337e+02
7.260000e-06	-1.080707e-08	-3.834117e-09	-5.687410e+01	-9.693846e+02
7.270000e-06	-1.081124e-08	-3.835782e-09	-5.689605e+01	-9.695186e+02
7.280000e-06	-1.081480e-08	-3.837230e-09	-5.691480e+01	-9.696441e+02
7.290000e-06	-1.081768e-08	-3.838046e-09	-5.692995e+01	-9.697689e+02
7.300000e-06	-1.081986e-08	-3.838773e-09	-5.694144e+01	-9.698985e+02
7.310000e-06	-1.082129e-08	-3.839933e-09	-5.694895e+01	-9.700361e+02
7.320000e-06	-1.082193e-08	-3.841416e-09	-5.695234e+01	-9.701817e+02
